0 0 0 0 0 0 0 =16163
0 0 0 0 0 0 1 =3366
0 0 0 0 0 0 2 =141
0 0 0 0 0 1 0 =13171
0 0 0 0 0 1 1 =102
0 0 0 0 0 1 2 =14
0 0 0 0 0 2 0 =215
0 0 0 0 0 2 1 =1
0 0 0 0 0 3 0 =1
0 0 0 0 1 0 0 =3537
0 0 0 0 1 0 1 =35
0 0 0 0 1 0 2 =1
0 0 0 0 1 1 0 =80
0 0 0 0 1 1 1 =1
0 0 0 0 1 2 0 =1
0 0 0 0 2 0 0 =464
0 0 0 0 2 1 0 =14
0 0 0 0 3 0 0 =1
0 0 0 1 0 0 0 =3428
0 0 0 1 0 0 1 =28
0 0 0 1 0 0 2 =1
0 0 0 1 0 1 0 =69
0 0 0 1 0 2 0 =2
0 0 0 1 1 0 0 =19
0 0 0 1 2 0 0 =2
0 0 0 2 0 0 0 =441
0 0 0 2 0 0 1 =2
0 0 0 2 0 1 0 =16
0 0 0 3 0 0 0 =1
0 0 1 0 0 0 0 =2460
0 0 1 0 0 0 1 =412
0 0 1 0 0 0 2 =168
0 0 1 0 0 1 0 =1943
0 0 1 0 0 1 1 =12
0 0 1 0 0 1 2 =4
0 0 1 0 0 2 0 =7
0 0 1 0 1 0 0 =412
0 0 1 0 1 0 1 =148
0 0 1 0 1 0 2 =2
0 0 1 0 1 1 0 =22
0 0 1 0 1 1 1 =2
0 0 1 0 2 0 0 =197
0 0 1 0 2 0 1 =1
0 0 1 0 2 1 0 =2
0 0 1 1 0 0 0 =370
0 0 1 1 0 0 1 =126
0 0 1 1 0 0 2 =2
0 0 1 1 0 1 0 =12
0 0 1 1 1 0 0 =122
0 0 1 1 1 0 1 =4
0 0 1 1 1 1 0 =2
0 0 1 1 2 0 0 =2
0 0 1 2 0 0 0 =158
0 0 1 2 0 0 1 =1
0 0 1 2 0 1 0 =5
0 0 1 2 1 0 0 =2
0 0 1 3 0 0 0 =2
0 0 2 0 0 0 0 =1656
0 0 2 0 0 0 1 =438
0 0 2 0 0 0 2 =217
0 0 2 0 0 0 3 =2
0 0 2 0 0 1 0 =526
0 0 2 0 0 1 1 =13
0 0 2 0 0 1 2 =5
0 0 2 0 0 2 0 =2
0 0 2 0 1 0 0 =444
0 0 2 0 1 0 1 =340
0 0 2 0 1 0 2 =2
0 0 2 0 1 1 0 =9
0 0 2 0 1 1 1 =8
0 0 2 0 1 2 0 =1
0 0 2 0 2 0 0 =222
0 0 2 0 2 0 1 =1
0 0 2 0 2 1 0 =3
0 0 2 0 3 0 0 =2
0 0 2 1 0 0 0 =376
0 0 2 1 0 0 1 =343
0 0 2 1 0 0 2 =1
0 0 2 1 0 1 0 =16
0 0 2 1 0 1 1 =8
0 0 2 1 1 0 0 =338
0 0 2 1 1 0 1 =4
0 0 2 1 1 1 0 =5
0 0 2 1 2 0 0 =1
0 0 2 2 0 0 0 =161
0 0 2 2 0 0 1 =2
0 0 2 2 0 1 0 =7
0 0 2 2 1 0 0 =3
0 0 3 0 0 0 0 =455
0 0 3 0 0 0 1 =27
0 0 3 0 0 0 2 =8
0 0 3 0 0 1 0 =28
0 0 3 0 0 1 1 =2
0 0 3 0 1 0 0 =32
0 0 3 0 1 0 1 =30
0 0 3 0 2 0 0 =9
0 0 3 0 2 1 0 =2
0 0 3 1 0 0 0 =27
0 0 3 1 0 0 1 =24
0 0 3 1 1 0 0 =19
0 0 3 2 0 0 0 =7
0 0 4 0 0 0 0 =131
0 0 4 0 0 0 1 =1
0 0 4 0 0 0 2 =1
0 0 4 0 0 1 0 =2
0 0 4 0 0 1 1 =1
0 0 4 0 1 0 0 =2
0 0 4 0 1 0 1 =2
0 0 4 0 2 0 0 =2
0 0 4 1 0 0 0 =2
0 0 4 1 1 0 0 =1
0 0 5 0 0 0 0 =9
0 0 5 0 0 0 1 =1
0 0 5 0 1 0 1 =1
0 1 0 0 0 0 0 =80202
0 1 0 0 0 0 1 =19163
0 1 0 0 0 0 2 =1978
0 1 0 0 0 0 3 =1
0 1 0 0 0 1 0 =85725
0 1 0 0 0 1 1 =278
0 1 0 0 0 1 2 =24
0 1 0 0 0 2 0 =564
0 1 0 0 0 2 1 =4
0 1 0 0 0 2 2 =1
0 1 0 0 0 3 0 =3
0 1 0 0 1 0 0 =19029
0 1 0 0 1 0 1 =24
0 1 0 0 1 1 0 =315
0 1 0 0 1 1 1 =1
0 1 0 0 2 0 0 =1865
0 1 0 0 2 0 1 =1
0 1 0 0 2 1 0 =39
0 1 0 1 0 0 0 =18121
0 1 0 1 0 0 1 =28
0 1 0 1 0 1 0 =295
0 1 0 1 0 2 0 =2
0 1 0 1 1 0 0 =20
0 1 0 1 2 0 0 =1
0 1 0 2 0 0 0 =1762
0 1 0 2 0 1 0 =25
0 1 0 2 1 0 0 =2
0 1 1 0 0 0 0 =8662
0 1 1 0 0 0 1 =1022
0 1 1 0 0 0 2 =157
0 1 1 0 0 0 3 =1
0 1 1 0 0 1 0 =1663
0 1 1 0 0 1 1 =14
0 1 1 0 0 1 2 =3
0 1 1 0 0 2 0 =10
0 1 1 0 1 0 0 =994
0 1 1 0 1 0 1 =129
0 1 1 0 1 1 0 =18
0 1 1 0 1 1 1 =3
0 1 1 0 1 2 0 =1
0 1 1 0 2 0 0 =132
0 1 1 0 2 0 1 =1
0 1 1 0 2 1 0 =4
0 1 1 0 3 0 0 =1
0 1 1 1 0 0 0 =1040
0 1 1 1 0 0 1 =113
0 1 1 1 0 0 2 =4
0 1 1 1 0 1 0 =22
0 1 1 1 0 1 1 =2
0 1 1 1 1 0 0 =121
0 1 1 1 1 0 1 =1
0 1 1 1 1 1 0 =1
0 1 1 1 1 2 0 =1
0 1 1 1 2 0 1 =1
0 1 1 2 0 0 0 =130
0 1 1 2 0 0 1 =1
0 1 1 2 0 1 0 =4
0 1 2 0 0 0 0 =7843
0 1 2 0 0 0 1 =1464
0 1 2 0 0 0 2 =162
0 1 2 0 0 1 0 =466
0 1 2 0 0 1 1 =24
0 1 2 0 0 1 2 =1
0 1 2 0 0 2 0 =1
0 1 2 0 1 0 0 =1430
0 1 2 0 1 0 1 =281
0 1 2 0 1 0 2 =1
0 1 2 0 1 1 0 =27
0 1 2 0 1 1 1 =6
0 1 2 0 2 0 0 =198
0 1 2 0 2 0 1 =2
0 1 2 0 2 1 0 =3
0 1 2 0 3 0 0 =1
0 1 2 1 0 0 0 =1446
0 1 2 1 0 0 1 =307
0 1 2 1 0 0 2 =1
0 1 2 1 0 1 0 =17
0 1 2 1 0 1 1 =8
0 1 2 1 1 0 0 =300
0 1 2 1 1 0 1 =5
0 1 2 1 1 1 0 =5
0 1 2 1 2 0 0 =3
0 1 2 2 0 0 0 =183
0 1 2 2 0 0 1 =1
0 1 2 2 0 1 0 =1
0 1 2 2 1 0 0 =2
0 1 2 3 0 0 0 =2
0 1 3 0 0 0 0 =555
0 1 3 0 0 0 1 =85
0 1 3 0 0 0 2 =10
0 1 3 0 0 1 0 =22
0 1 3 0 0 1 1 =2
0 1 3 0 0 1 2 =1
0 1 3 0 1 0 0 =103
0 1 3 0 1 0 1 =18
0 1 3 0 2 0 0 =9
0 1 3 1 0 0 0 =109
0 1 3 1 0 0 1 =16
0 1 3 1 0 1 0 =3
0 1 3 1 1 0 0 =34
0 1 3 2 0 0 0 =6
0 1 3 2 0 1 0 =1
0 1 4 0 0 0 0 =82
0 1 4 0 0 0 1 =5
0 1 4 0 0 0 2 =1
0 1 4 0 0 1 0 =1
0 1 4 0 1 0 0 =8
0 1 4 0 1 0 1 =2
0 1 4 0 2 0 0 =1
0 1 4 1 0 0 0 =11
0 1 4 1 0 0 1 =2
0 1 4 1 1 0 0 =3
0 1 4 2 0 0 0 =1
0 1 4 2 1 0 0 =1
0 1 5 0 0 0 0 =10
0 1 5 0 0 0 1 =2
0 1 5 0 0 1 0 =1
0 1 5 1 0 0 0 =1
0 10 0 0 0 0 0 =17
0 10 1 0 0 0 0 =21
0 10 2 0 0 0 0 =31
0 10 2 0 0 0 1 =1
0 10 2 0 1 0 0 =2
0 10 3 0 0 0 0 =1
0 10 3 0 0 0 1 =1
0 10 4 0 0 0 0 =1
0 11 0 0 0 0 0 =5
0 11 1 0 0 0 0 =4
0 11 1 0 0 0 1 =1
0 11 2 0 0 0 0 =13
0 11 3 0 0 0 0 =1
0 12 0 0 0 0 0 =1
0 12 1 0 0 0 0 =1
0 12 2 0 0 0 0 =2
0 12 3 0 0 0 0 =1
0 2 0 0 0 0 0 =131452
0 2 0 0 0 0 1 =11971
0 2 0 0 0 0 2 =1202
0 2 0 0 0 1 0 =52120
0 2 0 0 0 1 1 =186
0 2 0 0 0 1 2 =18
0 2 0 0 0 1 3 =1
0 2 0 0 0 2 0 =343
0 2 0 0 0 2 1 =1
0 2 0 0 0 3 0 =2
0 2 0 0 1 0 0 =11735
0 2 0 0 1 0 1 =12
0 2 0 0 1 1 0 =167
0 2 0 0 1 2 0 =2
0 2 0 0 2 0 0 =1188
0 2 0 0 2 1 0 =18
0 2 0 1 0 0 0 =11499
0 2 0 1 0 0 1 =12
0 2 0 1 0 0 2 =1
0 2 0 1 0 1 0 =154
0 2 0 1 0 1 1 =1
0 2 0 1 0 2 0 =3
0 2 0 1 1 0 0 =13
0 2 0 1 2 0 0 =1
0 2 0 2 0 0 0 =1066
0 2 0 2 0 1 0 =21
0 2 0 2 0 2 0 =1
0 2 1 0 0 0 0 =10294
0 2 1 0 0 0 1 =1299
0 2 1 0 0 0 2 =70
0 2 1 0 0 1 0 =745
0 2 1 0 0 1 1 =23
0 2 1 0 0 1 2 =3
0 2 1 0 0 2 0 =6
0 2 1 0 1 0 0 =1262
0 2 1 0 1 0 1 =65
0 2 1 0 1 1 0 =24
0 2 1 0 1 1 1 =1
0 2 1 0 2 0 0 =56
0 2 1 1 0 0 0 =1272
0 2 1 1 0 0 1 =74
0 2 1 1 0 1 0 =20
0 2 1 1 0 1 1 =1
0 2 1 1 1 0 0 =71
0 2 1 1 1 0 1 =2
0 2 1 1 1 1 0 =1
0 2 1 1 2 0 0 =1
0 2 1 2 0 0 0 =74
0 2 1 2 1 0 0 =1
0 2 2 0 0 0 0 =9783
0 2 2 0 0 0 1 =2766
0 2 2 0 0 0 2 =93
0 2 2 0 0 1 0 =265
0 2 2 0 0 1 1 =36
0 2 2 0 0 1 2 =1
0 2 2 0 0 2 0 =1
0 2 2 0 1 0 0 =2686
0 2 2 0 1 0 1 =172
0 2 2 0 1 1 0 =33
0 2 2 0 1 1 1 =4
0 2 2 0 2 0 0 =102
0 2 2 0 2 0 1 =1
0 2 2 0 2 1 0 =3
0 2 2 1 0 0 0 =2531
0 2 2 1 0 0 1 =156
0 2 2 1 0 1 0 =36
0 2 2 1 0 1 1 =6
0 2 2 1 0 2 0 =1
0 2 2 1 1 0 0 =190
0 2 2 1 1 0 1 =1
0 2 2 1 1 1 0 =6
0 2 2 2 0 0 0 =96
0 2 2 2 0 1 0 =2
0 2 2 2 1 0 0 =2
0 2 3 0 0 0 0 =644
0 2 3 0 0 0 1 =167
0 2 3 0 0 0 2 =5
0 2 3 0 0 1 0 =10
0 2 3 0 0 1 1 =2
0 2 3 0 1 0 0 =161
0 2 3 0 1 0 1 =7
0 2 3 0 2 0 0 =7
0 2 3 1 0 0 0 =165
0 2 3 1 0 0 1 =17
0 2 3 1 1 0 0 =19
0 2 3 2 0 0 0 =2
0 2 4 0 0 0 0 =45
0 2 4 0 0 0 1 =14
0 2 4 0 0 1 0 =1
0 2 4 0 1 0 0 =19
0 2 4 1 0 0 0 =15
0 2 4 1 0 1 0 =1
0 2 5 0 0 0 0 =3
0 2 5 0 1 0 0 =1
0 2 5 1 0 0 0 =1
0 2 5 1 1 0 0 =1
0 2 6 1 0 0 0 =1
0 3 0 0 0 0 0 =156785
0 3 0 0 0 0 1 =4217
0 3 0 0 0 0 2 =459
0 3 0 0 0 0 3 =1
0 3 0 0 0 1 0 =18925
0 3 0 0 0 1 1 =62
0 3 0 0 0 1 2 =6
0 3 0 0 0 2 0 =125
0 3 0 0 0 2 1 =1
0 3 0 0 0 3 0 =1
0 3 0 0 1 0 0 =4366
0 3 0 0 1 0 1 =7
0 3 0 0 1 1 0 =64
0 3 0 0 2 0 0 =399
0 3 0 0 2 1 0 =7
0 3 0 1 0 0 0 =4310
0 3 0 1 0 0 1 =11
0 3 0 1 0 1 0 =64
0 3 0 1 0 2 0 =1
0 3 0 1 1 0 0 =4
0 3 0 2 0 0 0 =403
0 3 0 2 0 0 1 =1
0 3 0 2 0 1 0 =11
0 3 0 3 0 0 0 =2
0 3 1 0 0 0 0 =8896
0 3 1 0 0 0 1 =941
0 3 1 0 0 0 2 =25
0 3 1 0 0 1 0 =313
0 3 1 0 0 1 1 =12
0 3 1 0 0 2 0 =2
0 3 1 0 1 0 0 =915
0 3 1 0 1 0 1 =36
0 3 1 0 1 1 0 =17
0 3 1 0 1 1 1 =1
0 3 1 0 2 0 0 =25
0 3 1 0 2 0 1 =1
0 3 1 1 0 0 0 =929
0 3 1 1 0 0 1 =32
0 3 1 1 0 1 0 =11
0 3 1 1 0 1 1 =2
0 3 1 1 1 0 0 =29
0 3 1 1 1 1 0 =1
0 3 1 2 0 0 0 =23
0 3 1 2 0 1 0 =2
0 3 2 0 0 0 0 =10861
0 3 2 0 0 0 1 =2035
0 3 2 0 0 0 2 =33
0 3 2 0 0 0 3 =1
0 3 2 0 0 1 0 =198
0 3 2 0 0 1 1 =22
0 3 2 0 0 2 0 =3
0 3 2 0 1 0 0 =2092
0 3 2 0 1 0 1 =76
0 3 2 0 1 1 0 =28
0 3 2 0 1 1 1 =1
0 3 2 0 2 0 0 =23
0 3 2 0 2 0 1 =1
0 3 2 0 2 1 0 =2
0 3 2 1 0 0 0 =1930
0 3 2 1 0 0 1 =59
0 3 2 1 0 1 0 =22
0 3 2 1 0 1 1 =3
0 3 2 1 0 2 0 =1
0 3 2 1 1 0 0 =74
0 3 2 1 1 1 0 =1
0 3 2 1 2 0 0 =1
0 3 2 2 0 0 0 =41
0 3 2 2 0 0 1 =1
0 3 2 2 0 1 0 =2
0 3 2 2 1 0 0 =2
0 3 3 0 0 0 0 =738
0 3 3 0 0 0 1 =123
0 3 3 0 0 0 2 =3
0 3 3 0 0 1 0 =7
0 3 3 0 0 1 1 =9
0 3 3 0 1 0 0 =121
0 3 3 0 1 0 1 =6
0 3 3 0 1 1 0 =3
0 3 3 0 2 0 0 =6
0 3 3 1 0 0 0 =123
0 3 3 1 0 0 1 =5
0 3 3 1 0 1 0 =4
0 3 3 1 1 0 0 =3
0 3 3 2 0 0 0 =1
0 3 4 0 0 0 0 =57
0 3 4 0 0 0 1 =13
0 3 4 0 0 0 2 =1
0 3 4 0 0 1 0 =2
0 3 4 0 1 0 0 =8
0 3 4 0 1 0 1 =1
0 3 4 0 2 0 0 =1
0 3 4 1 0 0 0 =11
0 3 4 1 0 0 1 =1
0 3 4 1 1 0 0 =1
0 3 5 0 0 0 0 =6
0 3 5 1 0 0 0 =1
0 4 0 0 0 0 0 =87403
0 4 0 0 0 0 1 =1191
0 4 0 0 0 0 2 =131
0 4 0 0 0 1 0 =5344
0 4 0 0 0 1 1 =24
0 4 0 0 0 1 2 =2
0 4 0 0 0 2 0 =44
0 4 0 0 1 0 0 =1171
0 4 0 0 1 0 1 =1
0 4 0 0 1 1 0 =21
0 4 0 0 2 0 0 =99
0 4 0 0 2 1 0 =5
0 4 0 1 0 0 0 =1192
0 4 0 1 0 0 1 =3
0 4 0 1 0 1 0 =14
0 4 0 1 1 0 0 =2
0 4 0 2 0 0 0 =105
0 4 0 2 0 1 0 =3
0 4 1 0 0 0 0 =6490
0 4 1 0 0 0 1 =479
0 4 1 0 0 0 2 =10
0 4 1 0 0 1 0 =131
0 4 1 0 0 1 1 =6
0 4 1 0 0 2 0 =1
0 4 1 0 1 0 0 =484
0 4 1 0 1 0 1 =13
0 4 1 0 1 1 0 =4
0 4 1 0 1 1 1 =1
0 4 1 0 2 0 0 =6
0 4 1 1 0 0 0 =462
0 4 1 1 0 0 1 =12
0 4 1 1 0 0 2 =1
0 4 1 1 0 1 0 =10
0 4 1 1 1 0 0 =10
0 4 1 1 1 0 1 =1
0 4 1 2 0 0 0 =14
0 4 2 0 0 0 0 =10643
0 4 2 0 0 0 1 =1045
0 4 2 0 0 0 2 =14
0 4 2 0 0 1 0 =132
0 4 2 0 0 1 1 =13
0 4 2 0 0 2 0 =1
0 4 2 0 1 0 0 =1044
0 4 2 0 1 0 1 =25
0 4 2 0 1 1 0 =15
0 4 2 0 2 0 0 =20
0 4 2 1 0 0 0 =992
0 4 2 1 0 0 1 =19
0 4 2 1 0 1 0 =14
0 4 2 1 0 1 1 =2
0 4 2 1 1 0 0 =23
0 4 2 2 0 0 0 =13
0 4 2 2 0 1 0 =1
0 4 3 0 0 0 0 =719
0 4 3 0 0 0 1 =59
0 4 3 0 0 1 0 =6
0 4 3 0 0 1 1 =1
0 4 3 0 1 0 0 =67
0 4 3 0 1 0 1 =2
0 4 3 0 1 1 0 =2
0 4 3 0 2 0 0 =2
0 4 3 1 0 0 0 =59
0 4 3 1 0 0 1 =2
0 4 3 1 0 1 0 =1
0 4 3 2 0 0 0 =2
0 4 4 0 0 0 0 =50
0 4 4 0 0 0 1 =8
0 4 4 0 0 1 0 =1
0 4 4 0 1 0 0 =4
0 4 4 1 0 0 0 =8
0 4 5 0 0 0 0 =3
0 4 5 0 0 0 1 =1
0 4 5 0 1 0 0 =3
0 5 0 0 0 0 0 =31334
0 5 0 0 0 0 1 =300
0 5 0 0 0 0 2 =26
0 5 0 0 0 1 0 =1290
0 5 0 0 0 1 1 =4
0 5 0 0 0 1 2 =2
0 5 0 0 0 2 0 =6
0 5 0 0 1 0 0 =252
0 5 0 0 1 0 1 =1
0 5 0 0 1 1 0 =4
0 5 0 0 2 0 0 =40
0 5 0 0 2 1 0 =4
0 5 0 1 0 0 0 =276
0 5 0 1 0 1 0 =5
0 5 0 1 1 0 0 =1
0 5 0 2 0 0 0 =26
0 5 0 2 0 1 0 =1
0 5 1 0 0 0 0 =3619
0 5 1 0 0 0 1 =185
0 5 1 0 0 0 2 =2
0 5 1 0 0 1 0 =57
0 5 1 0 0 1 1 =3
0 5 1 0 1 0 0 =205
0 5 1 0 1 0 1 =5
0 5 1 0 2 0 0 =2
0 5 1 1 0 0 0 =168
0 5 1 1 0 0 1 =3
0 5 1 1 0 1 0 =1
0 5 1 1 1 0 0 =9
0 5 1 2 0 0 0 =7
0 5 2 0 0 0 0 =7030
0 5 2 0 0 0 1 =347
0 5 2 0 0 0 2 =5
0 5 2 0 0 1 0 =73
0 5 2 0 0 1 1 =2
0 5 2 0 0 2 0 =1
0 5 2 0 1 0 0 =419
0 5 2 0 1 0 1 =13
0 5 2 0 1 1 0 =7
0 5 2 0 2 0 0 =1
0 5 2 1 0 0 0 =414
0 5 2 1 0 0 1 =5
0 5 2 1 0 1 0 =11
0 5 2 1 0 1 1 =1
0 5 2 1 1 0 0 =9
0 5 2 2 0 0 0 =5
0 5 3 0 0 0 0 =400
0 5 3 0 0 0 1 =20
0 5 3 0 0 1 0 =1
0 5 3 0 1 0 0 =26
0 5 3 0 1 0 1 =1
0 5 3 1 0 0 0 =28
0 5 4 0 0 0 0 =33
0 5 4 0 0 0 1 =2
0 5 4 0 1 0 0 =2
0 5 4 1 0 0 0 =1
0 5 5 0 0 0 0 =4
0 5 5 1 0 0 0 =1
0 6 0 0 0 0 0 =8852
0 6 0 0 0 0 1 =63
0 6 0 0 0 0 2 =3
0 6 0 0 0 1 0 =291
0 6 0 0 0 2 0 =3
0 6 0 0 1 0 0 =57
0 6 0 0 1 1 0 =1
0 6 0 0 2 0 0 =7
0 6 0 0 2 1 0 =1
0 6 0 1 0 0 0 =78
0 6 0 2 0 0 0 =1
0 6 0 2 0 1 0 =1
0 6 1 0 0 0 0 =1609
0 6 1 0 0 0 1 =60
0 6 1 0 0 1 0 =13
0 6 1 0 0 1 1 =1
0 6 1 0 1 0 0 =75
0 6 1 0 1 1 0 =2
0 6 1 0 2 0 0 =2
0 6 1 0 2 1 0 =1
0 6 1 1 0 0 0 =67
0 6 1 1 1 0 0 =1
0 6 2 0 0 0 0 =3218
0 6 2 0 0 0 1 =138
0 6 2 0 0 0 2 =1
0 6 2 0 0 1 0 =45
0 6 2 0 0 1 1 =5
0 6 2 0 1 0 0 =125
0 6 2 0 1 0 1 =10
0 6 2 0 1 1 0 =3
0 6 2 0 2 0 0 =1
0 6 2 1 0 0 0 =105
0 6 2 1 0 0 1 =4
0 6 2 1 0 1 0 =3
0 6 2 1 0 1 1 =1
0 6 2 1 1 0 0 =4
0 6 2 2 0 0 0 =2
0 6 3 0 0 0 0 =185
0 6 3 0 0 0 1 =15
0 6 3 0 0 1 0 =3
0 6 3 0 1 0 0 =9
0 6 3 0 1 1 0 =1
0 6 3 1 0 0 0 =11
0 6 4 0 0 0 0 =13
0 6 4 0 1 0 0 =2
0 6 4 1 0 0 0 =1
0 6 5 0 0 0 0 =2
0 7 0 0 0 0 0 =2100
0 7 0 0 0 0 1 =13
0 7 0 0 0 0 2 =2
0 7 0 0 0 1 0 =45
0 7 0 0 0 2 0 =1
0 7 0 0 1 0 0 =9
0 7 0 0 2 0 0 =1
0 7 0 1 0 0 0 =10
0 7 0 1 1 0 0 =1
0 7 0 2 0 0 0 =1
0 7 1 0 0 0 0 =594
0 7 1 0 0 0 1 =22
0 7 1 0 0 1 0 =11
0 7 1 0 1 0 0 =28
0 7 1 0 3 0 0 =1
0 7 1 1 0 0 0 =15
0 7 2 0 0 0 0 =1193
0 7 2 0 0 0 1 =36
0 7 2 0 0 0 2 =1
0 7 2 0 0 1 0 =8
0 7 2 0 0 1 1 =1
0 7 2 0 1 0 0 =37
0 7 2 1 0 0 0 =41
0 7 3 0 0 0 0 =67
0 7 3 0 0 0 1 =3
0 7 3 0 0 1 0 =1
0 7 3 0 1 0 0 =1
0 7 4 0 0 0 0 =9
0 7 4 0 0 1 0 =1
0 7 5 0 0 0 0 =1
0 8 0 0 0 0 0 =458
0 8 0 0 0 0 1 =2
0 8 0 0 0 1 0 =9
0 8 0 0 0 2 0 =1
0 8 0 0 1 0 0 =4
0 8 0 0 1 1 0 =1
0 8 0 1 0 0 0 =2
0 8 1 0 0 0 0 =199
0 8 1 0 0 0 1 =4
0 8 1 0 0 1 0 =1
0 8 1 0 1 0 0 =2
0 8 1 1 0 0 0 =6
0 8 2 0 0 0 0 =395
0 8 2 0 0 0 1 =15
0 8 2 0 0 1 0 =6
0 8 2 0 1 0 0 =9
0 8 2 0 1 1 0 =1
0 8 2 1 0 0 0 =15
0 8 2 1 0 0 1 =1
0 8 2 1 1 0 0 =1
0 8 3 0 0 0 0 =25
0 8 3 0 1 0 0 =2
0 8 4 0 0 0 0 =3
0 9 0 0 0 0 0 =85
0 9 0 0 0 1 0 =1
0 9 1 0 0 0 0 =63
0 9 1 0 0 0 1 =2
0 9 1 0 0 1 0 =1
0 9 1 0 1 0 0 =1
0 9 1 1 0 0 0 =2
0 9 2 0 0 0 0 =123
0 9 2 0 0 0 1 =2
0 9 2 0 0 1 0 =1
0 9 2 0 1 0 0 =3
0 9 2 1 0 0 0 =4
0 9 3 0 0 0 0 =7
0 9 4 0 0 0 0 =1
1 0 0 0 0 0 0 =107
1 0 0 0 0 0 1 =43
1 0 0 0 0 0 2 =1
1 0 0 0 0 1 0 =43
1 0 0 0 0 1 1 =2
1 0 0 0 1 0 0 =51
1 0 0 0 1 1 0 =1
1 0 0 0 2 0 0 =2
1 0 0 1 0 0 0 =48
1 0 0 1 0 1 0 =1
1 0 1 0 0 0 0 =70
1 0 1 0 0 0 1 =5
1 0 1 0 0 0 2 =4
1 0 1 0 0 1 0 =2
1 0 1 0 1 0 0 =4
1 0 1 0 1 0 1 =2
1 0 1 0 2 0 0 =1
1 0 1 1 0 0 0 =2
1 0 1 1 1 0 0 =1
1 0 2 0 0 0 0 =26
1 0 2 0 0 0 1 =5
1 0 2 0 0 0 2 =4
1 0 2 0 1 0 0 =4
1 0 2 0 1 0 1 =2
1 0 2 0 2 0 0 =1
1 0 2 1 0 0 0 =5
1 0 2 1 0 0 1 =2
1 0 2 1 1 0 0 =3
1 0 2 2 0 0 0 =3
1 0 3 0 0 0 0 =3
1 0 3 0 1 0 1 =1
1 0 3 1 0 0 0 =1
1 0 3 1 0 0 1 =2
1 0 4 0 0 0 0 =1
1 0 4 0 1 0 1 =1
1 1 0 0 0 0 0 =2327
1 1 0 0 0 0 1 =337
1 1 0 0 0 0 2 =3
1 1 0 0 0 1 0 =66
1 1 0 0 0 1 1 =4
1 1 0 0 1 0 0 =307
1 1 0 0 1 1 0 =6
1 1 0 0 2 0 0 =1
1 1 0 1 0 0 0 =309
1 1 0 1 0 1 0 =4
1 1 0 1 0 2 0 =1
1 1 0 1 1 0 0 =1
1 1 1 0 0 0 0 =127
1 1 1 0 0 0 1 =20
1 1 1 0 0 0 2 =3
1 1 1 0 0 1 0 =1
1 1 1 0 0 1 1 =1
1 1 1 0 1 0 0 =14
1 1 1 0 1 0 1 =3
1 1 1 1 0 0 0 =24
1 1 1 1 0 0 1 =2
1 1 1 1 0 1 0 =1
1 1 1 1 1 0 0 =3
1 1 1 2 0 0 0 =1
1 1 2 0 0 0 0 =58
1 1 2 0 0 0 1 =24
1 1 2 0 0 0 2 =1
1 1 2 0 0 1 0 =1
1 1 2 0 1 0 0 =24
1 1 2 0 1 0 1 =4
1 1 2 0 2 0 0 =6
1 1 2 1 0 0 0 =17
1 1 2 1 0 0 1 =2
1 1 2 1 1 0 0 =8
1 1 2 1 1 1 0 =1
1 1 2 2 0 0 0 =3
1 1 3 0 0 0 0 =6
1 1 3 0 0 0 1 =3
1 1 3 0 1 0 0 =1
1 1 3 1 0 0 0 =4
1 1 4 0 0 0 2 =1
1 1 4 2 0 0 0 =1
1 10 2 0 0 0 0 =1
1 2 0 0 0 0 0 =2637
1 2 0 0 0 0 1 =367
1 2 0 0 0 0 2 =1
1 2 0 0 0 1 0 =36
1 2 0 0 0 1 1 =9
1 2 0 0 1 0 0 =312
1 2 0 0 1 0 1 =1
1 2 0 0 1 1 0 =5
1 2 0 1 0 0 0 =276
1 2 0 1 0 1 0 =7
1 2 0 1 1 0 0 =1
1 2 0 2 0 0 0 =1
1 2 1 0 0 0 0 =123
1 2 1 0 0 0 1 =37
1 2 1 0 0 0 2 =2
1 2 1 0 0 1 0 =3
1 2 1 0 0 1 1 =5
1 2 1 0 1 0 0 =35
1 2 1 0 1 0 1 =2
1 2 1 0 2 0 0 =1
1 2 1 1 0 0 0 =36
1 2 1 1 0 0 1 =5
1 2 1 1 0 1 0 =1
1 2 1 1 1 0 0 =5
1 2 1 1 1 1 0 =1
1 2 1 2 0 0 0 =1
1 2 2 0 0 0 0 =89
1 2 2 0 0 0 1 =47
1 2 2 0 0 0 2 =5
1 2 2 0 0 1 0 =1
1 2 2 0 1 0 0 =54
1 2 2 0 1 0 1 =5
1 2 2 0 1 1 0 =1
1 2 2 0 1 1 1 =1
1 2 2 0 1 2 0 =1
1 2 2 0 2 0 0 =6
1 2 2 1 0 0 0 =50
1 2 2 1 0 0 1 =1
1 2 2 1 0 1 0 =5
1 2 2 1 1 0 0 =4
1 2 2 2 0 0 0 =2
1 2 3 0 0 0 0 =9
1 2 3 0 0 0 1 =4
1 2 3 0 1 0 0 =4
1 2 3 0 1 0 1 =1
1 2 3 1 0 0 0 =3
1 2 3 1 1 0 0 =1
1 2 4 0 0 0 0 =1
1 2 4 0 0 0 1 =1
1 2 5 0 0 0 1 =1
1 3 0 0 0 0 0 =1358
1 3 0 0 0 0 1 =180
1 3 0 0 0 1 0 =16
1 3 0 0 0 1 1 =3
1 3 0 0 1 0 0 =186
1 3 0 0 1 0 1 =1
1 3 0 0 1 1 0 =5
1 3 0 1 0 0 0 =175
1 3 0 1 0 1 0 =6
1 3 1 0 0 0 0 =81
1 3 1 0 0 0 1 =39
1 3 1 0 0 0 2 =1
1 3 1 0 0 1 1 =1
1 3 1 0 1 0 0 =35
1 3 1 0 1 0 1 =1
1 3 1 1 0 0 0 =28
1 3 1 1 0 0 1 =2
1 3 1 1 0 1 0 =2
1 3 1 1 1 0 0 =2
1 3 1 2 0 0 0 =2
1 3 2 0 0 0 0 =90
1 3 2 0 0 0 1 =39
1 3 2 0 0 1 0 =1
1 3 2 0 0 1 1 =1
1 3 2 0 1 0 0 =47
1 3 2 0 1 0 1 =7
1 3 2 0 1 1 0 =1
1 3 2 1 0 0 0 =41
1 3 2 1 0 1 0 =2
1 3 3 0 0 0 0 =8
1 3 3 0 0 0 1 =3
1 3 3 0 0 0 2 =1
1 3 3 0 1 0 0 =2
1 3 3 1 0 0 0 =4
1 3 3 1 0 0 1 =1
1 3 3 1 1 0 0 =1
1 3 4 0 0 0 0 =1
1 3 4 1 0 0 0 =1
1 4 0 0 0 0 0 =496
1 4 0 0 0 0 1 =76
1 4 0 0 0 0 2 =1
1 4 0 0 0 1 0 =9
1 4 0 0 1 0 0 =76
1 4 0 0 1 0 1 =1
1 4 0 1 0 0 0 =64
1 4 0 1 0 1 0 =2
1 4 1 0 0 0 0 =44
1 4 1 0 0 0 1 =18
1 4 1 0 0 1 0 =3
1 4 1 0 0 1 1 =1
1 4 1 0 1 0 0 =15
1 4 1 0 2 0 0 =2
1 4 1 1 0 0 0 =17
1 4 2 0 0 0 0 =61
1 4 2 0 0 0 1 =26
1 4 2 0 0 0 2 =2
1 4 2 0 0 1 0 =3
1 4 2 0 1 0 0 =28
1 4 2 0 1 0 1 =4
1 4 2 0 2 0 0 =1
1 4 2 1 0 0 0 =40
1 4 2 1 1 0 0 =2
1 4 2 1 2 0 0 =1
1 4 2 2 0 0 0 =3
1 4 3 0 0 0 0 =5
1 4 3 0 0 0 1 =3
1 4 3 0 1 0 0 =1
1 4 3 1 0 0 0 =1
1 4 3 1 1 0 0 =2
1 4 4 1 0 0 1 =1
1 5 0 0 0 0 0 =164
1 5 0 0 0 0 1 =26
1 5 0 0 0 1 1 =1
1 5 0 0 1 0 0 =30
1 5 0 0 1 1 0 =1
1 5 0 1 0 0 0 =27
1 5 1 0 0 0 0 =20
1 5 1 0 0 0 1 =8
1 5 1 0 0 0 2 =1
1 5 1 0 1 0 0 =16
1 5 1 0 1 1 0 =1
1 5 1 1 0 0 0 =14
1 5 2 0 0 0 0 =44
1 5 2 0 0 0 1 =11
1 5 2 0 1 0 0 =25
1 5 2 0 1 0 1 =2
1 5 2 0 2 0 0 =1
1 5 2 1 0 0 0 =20
1 5 2 1 0 0 1 =2
1 5 2 1 1 0 0 =1
1 5 3 0 0 0 0 =1
1 5 3 0 1 0 0 =1
1 6 0 0 0 0 0 =39
1 6 0 0 0 0 1 =12
1 6 0 0 1 0 0 =2
1 6 0 1 0 0 0 =9
1 6 0 2 0 0 0 =1
1 6 1 0 0 0 0 =13
1 6 1 0 0 0 1 =6
1 6 1 0 1 0 0 =4
1 6 1 1 0 0 0 =4
1 6 2 0 0 0 0 =15
1 6 2 0 0 0 1 =5
1 6 2 0 0 0 2 =1
1 6 2 0 1 0 0 =10
1 6 2 1 0 0 0 =11
1 6 2 1 1 0 0 =1
1 6 3 0 0 0 1 =1
1 7 0 0 0 0 0 =10
1 7 0 0 0 0 1 =2
1 7 0 0 1 0 0 =1
1 7 1 0 0 0 0 =6
1 7 1 0 0 0 1 =2
1 7 1 0 1 0 0 =1
1 7 1 1 0 0 0 =6
1 7 1 1 0 0 1 =1
1 7 2 0 0 0 0 =5
1 7 2 0 1 0 0 =1
1 7 2 1 0 0 0 =3
1 7 3 0 0 0 0 =1
1 8 0 0 0 0 0 =3
1 8 0 0 0 0 1 =1
1 8 0 1 0 0 0 =2
1 8 1 0 0 0 0 =1
1 8 1 0 0 0 1 =2
1 8 2 0 0 0 0 =3
1 8 2 0 0 0 1 =1
1 8 2 0 1 0 0 =2
1 9 1 0 0 0 0 =2
1 9 2 0 1 0 0 =1
1 9 2 1 0 0 0 =1
