0 0 0 0 0 0 0 =15911
0 0 0 0 0 0 1 =3319
0 0 0 0 0 0 2 =167
0 0 0 0 0 0 3 =1
0 0 0 0 0 1 0 =13186
0 0 0 0 0 1 1 =73
0 0 0 0 0 1 2 =19
0 0 0 0 0 2 0 =224
0 0 0 0 0 2 1 =1
0 0 0 0 0 3 0 =2
0 0 0 0 1 0 0 =3501
0 0 0 0 1 0 1 =29
0 0 0 0 1 0 2 =2
0 0 0 0 1 1 0 =75
0 0 0 0 1 1 1 =1
0 0 0 0 2 0 0 =522
0 0 0 0 2 0 1 =1
0 0 0 0 2 1 0 =13
0 0 0 0 3 0 0 =1
0 0 0 1 0 0 0 =3426
0 0 0 1 0 0 1 =21
0 0 0 1 0 0 2 =2
0 0 0 1 0 1 0 =57
0 0 0 1 0 1 1 =1
0 0 0 1 0 2 0 =1
0 0 0 1 1 0 0 =28
0 0 0 1 1 1 0 =1
0 0 0 1 2 0 0 =4
0 0 0 2 0 0 0 =448
0 0 0 2 0 0 2 =1
0 0 0 2 0 1 0 =12
0 0 1 0 0 0 0 =2551
0 0 1 0 0 0 1 =405
0 0 1 0 0 0 2 =192
0 0 1 0 0 1 0 =1995
0 0 1 0 0 1 1 =6
0 0 1 0 0 1 2 =6
0 0 1 0 0 2 0 =8
0 0 1 0 0 3 0 =1
0 0 1 0 1 0 0 =423
0 0 1 0 1 0 1 =150
0 0 1 0 1 0 2 =2
0 0 1 0 1 1 0 =13
0 0 1 0 1 1 1 =2
0 0 1 0 2 0 0 =176
0 0 1 0 2 0 1 =1
0 0 1 0 2 1 0 =5
0 0 1 0 3 0 0 =1
0 0 1 1 0 0 0 =375
0 0 1 1 0 0 1 =156
0 0 1 1 0 0 2 =2
0 0 1 1 0 1 0 =11
0 0 1 1 0 1 1 =3
0 0 1 1 1 0 0 =122
0 0 1 1 1 0 1 =3
0 0 1 1 1 1 0 =3
0 0 1 1 1 1 1 =1
0 0 1 1 2 0 0 =4
0 0 1 2 0 0 0 =136
0 0 1 2 0 1 0 =1
0 0 1 2 1 0 0 =1
0 0 1 3 0 0 0 =1
0 0 2 0 0 0 0 =1627
0 0 2 0 0 0 1 =383
0 0 2 0 0 0 2 =194
0 0 2 0 0 1 0 =536
0 0 2 0 0 1 1 =11
0 0 2 0 0 1 2 =5
0 0 2 0 0 2 0 =1
0 0 2 0 1 0 0 =440
0 0 2 0 1 0 1 =330
0 0 2 0 1 1 0 =13
0 0 2 0 1 1 1 =5
0 0 2 0 2 0 0 =227
0 0 2 1 0 0 0 =389
0 0 2 1 0 0 1 =329
0 0 2 1 0 0 2 =1
0 0 2 1 0 1 0 =13
0 0 2 1 0 1 1 =5
0 0 2 1 1 0 0 =308
0 0 2 1 1 1 0 =5
0 0 2 2 0 0 0 =164
0 0 2 2 0 0 1 =2
0 0 2 2 0 1 0 =5
0 0 3 0 0 0 0 =493
0 0 3 0 0 0 1 =22
0 0 3 0 0 0 2 =12
0 0 3 0 0 1 0 =27
0 0 3 0 1 0 0 =24
0 0 3 0 1 0 1 =22
0 0 3 0 1 1 0 =2
0 0 3 0 2 0 0 =11
0 0 3 1 0 0 0 =35
0 0 3 1 0 0 1 =26
0 0 3 1 1 0 0 =21
0 0 3 2 0 0 0 =15
0 0 4 0 0 0 0 =105
0 0 4 0 0 0 1 =6
0 0 4 0 0 1 0 =2
0 0 4 0 1 0 0 =1
0 0 4 0 1 0 1 =1
0 0 4 0 2 0 0 =1
0 0 4 1 0 0 0 =5
0 0 4 1 0 0 1 =3
0 0 4 1 1 0 0 =1
0 0 4 1 1 0 1 =1
0 0 5 0 0 0 0 =2
0 0 6 0 0 0 0 =1
0 1 0 0 0 0 0 =79803
0 1 0 0 0 0 1 =19199
0 1 0 0 0 0 2 =1998
0 1 0 0 0 0 3 =1
0 1 0 0 0 1 0 =85988
0 1 0 0 0 1 1 =304
0 1 0 0 0 1 2 =41
0 1 0 0 0 2 0 =553
0 1 0 0 0 2 1 =1
0 1 0 0 0 3 0 =1
0 1 0 0 1 0 0 =18752
0 1 0 0 1 0 1 =22
0 1 0 0 1 1 0 =271
0 1 0 0 1 1 1 =3
0 1 0 0 1 2 0 =2
0 1 0 0 2 0 0 =1917
0 1 0 0 2 0 2 =1
0 1 0 0 2 1 0 =37
0 1 0 1 0 0 0 =18188
0 1 0 1 0 0 1 =31
0 1 0 1 0 1 0 =294
0 1 0 1 0 2 0 =1
0 1 0 1 1 0 0 =31
0 1 0 2 0 0 0 =1695
0 1 0 2 0 0 1 =1
0 1 0 2 0 1 0 =30
0 1 1 0 0 0 0 =8857
0 1 1 0 0 0 1 =1061
0 1 1 0 0 0 2 =128
0 1 1 0 0 1 0 =1771
0 1 1 0 0 1 1 =16
0 1 1 0 0 2 0 =8
0 1 1 0 1 0 0 =1059
0 1 1 0 1 0 1 =126
0 1 1 0 1 0 2 =1
0 1 1 0 1 1 0 =20
0 1 1 0 1 1 1 =1
0 1 1 0 2 0 0 =116
0 1 1 0 2 0 1 =3
0 1 1 0 2 1 0 =2
0 1 1 1 0 0 0 =1022
0 1 1 1 0 0 1 =126
0 1 1 1 0 0 2 =1
0 1 1 1 0 1 0 =18
0 1 1 1 0 1 1 =2
0 1 1 1 1 0 0 =137
0 1 1 1 1 0 1 =3
0 1 1 1 1 1 0 =5
0 1 1 2 0 0 0 =130
0 1 1 2 0 0 1 =2
0 1 1 2 0 1 0 =1
0 1 1 2 1 0 0 =1
0 1 1 3 0 0 0 =1
0 1 2 0 0 0 0 =7893
0 1 2 0 0 0 1 =1651
0 1 2 0 0 0 2 =185
0 1 2 0 0 1 0 =481
0 1 2 0 0 1 1 =11
0 1 2 0 0 1 2 =5
0 1 2 0 0 2 0 =3
0 1 2 0 0 2 1 =1
0 1 2 0 1 0 0 =1505
0 1 2 0 1 0 1 =335
0 1 2 0 1 0 2 =1
0 1 2 0 1 1 0 =25
0 1 2 0 1 1 1 =6
0 1 2 0 2 0 0 =161
0 1 2 0 2 0 1 =2
0 1 2 0 2 1 0 =4
0 1 2 0 3 0 0 =2
0 1 2 1 0 0 0 =1403
0 1 2 1 0 0 1 =279
0 1 2 1 0 0 2 =1
0 1 2 1 0 1 0 =25
0 1 2 1 0 1 1 =7
0 1 2 1 0 2 0 =2
0 1 2 1 1 0 0 =289
0 1 2 1 1 0 1 =3
0 1 2 1 1 1 0 =6
0 1 2 1 2 0 0 =3
0 1 2 2 0 0 0 =154
0 1 2 2 0 0 1 =1
0 1 2 2 0 1 0 =6
0 1 2 2 1 0 0 =1
0 1 3 0 0 0 0 =598
0 1 3 0 0 0 1 =110
0 1 3 0 0 0 2 =11
0 1 3 0 0 1 0 =35
0 1 3 0 0 1 1 =2
0 1 3 0 1 0 0 =101
0 1 3 0 1 0 1 =21
0 1 3 0 2 0 0 =7
0 1 3 1 0 0 0 =85
0 1 3 1 0 0 1 =27
0 1 3 1 0 1 0 =4
0 1 3 1 1 0 0 =19
0 1 3 2 0 0 0 =15
0 1 4 0 0 0 0 =82
0 1 4 0 0 0 1 =7
0 1 4 0 0 0 2 =1
0 1 4 0 0 1 0 =1
0 1 4 0 1 0 0 =5
0 1 4 0 1 0 1 =1
0 1 4 1 0 0 0 =12
0 1 4 1 0 0 1 =3
0 1 4 2 0 0 0 =2
0 1 5 0 0 0 0 =4
0 1 5 0 1 0 0 =2
0 1 5 1 0 0 0 =1
0 1 6 1 0 0 0 =1
0 10 0 0 0 0 0 =23
0 10 0 0 0 1 0 =2
0 10 1 0 0 0 0 =8
0 10 2 0 0 0 0 =34
0 10 2 0 0 1 0 =2
0 10 2 0 1 0 0 =1
0 10 3 0 0 0 0 =2
0 11 0 0 0 0 0 =7
0 11 1 0 0 0 0 =4
0 11 2 0 0 0 0 =4
0 11 2 0 0 1 0 =1
0 11 3 0 0 0 0 =1
0 12 0 0 0 0 0 =2
0 12 1 0 0 0 0 =1
0 12 2 0 0 0 0 =1
0 13 2 0 0 0 0 =2
0 2 0 0 0 0 0 =130882
0 2 0 0 0 0 1 =11855
0 2 0 0 0 0 2 =1236
0 2 0 0 0 1 0 =52270
0 2 0 0 0 1 1 =169
0 2 0 0 0 1 2 =30
0 2 0 0 0 2 0 =333
0 2 0 0 0 2 2 =1
0 2 0 0 0 3 0 =3
0 2 0 0 1 0 0 =11887
0 2 0 0 1 0 1 =10
0 2 0 0 1 0 2 =1
0 2 0 0 1 1 0 =185
0 2 0 0 1 2 0 =1
0 2 0 0 2 0 0 =1149
0 2 0 0 2 0 1 =1
0 2 0 0 2 1 0 =21
0 2 0 0 3 0 0 =1
0 2 0 1 0 0 0 =11568
0 2 0 1 0 0 1 =10
0 2 0 1 0 0 2 =2
0 2 0 1 0 1 0 =159
0 2 0 1 0 2 0 =2
0 2 0 1 1 0 0 =10
0 2 0 1 2 0 0 =1
0 2 0 2 0 0 0 =1073
0 2 0 2 0 1 0 =23
0 2 0 2 1 0 0 =2
0 2 0 2 2 0 0 =1
0 2 1 0 0 0 0 =10263
0 2 1 0 0 0 1 =1302
0 2 1 0 0 0 2 =72
0 2 1 0 0 1 0 =818
0 2 1 0 0 1 1 =23
0 2 1 0 0 1 2 =1
0 2 1 0 0 2 0 =5
0 2 1 0 1 0 0 =1288
0 2 1 0 1 0 1 =83
0 2 1 0 1 1 0 =20
0 2 1 0 1 1 1 =1
0 2 1 0 2 0 0 =74
0 2 1 0 2 0 1 =1
0 2 1 1 0 0 0 =1257
0 2 1 1 0 0 1 =71
0 2 1 1 0 1 0 =19
0 2 1 1 0 1 1 =2
0 2 1 1 1 0 0 =103
0 2 1 1 1 0 1 =3
0 2 1 1 1 1 0 =1
0 2 1 2 0 0 0 =48
0 2 1 2 0 1 0 =1
0 2 2 0 0 0 0 =9581
0 2 2 0 0 0 1 =2770
0 2 2 0 0 0 2 =86
0 2 2 0 0 1 0 =247
0 2 2 0 0 1 1 =31
0 2 2 0 0 2 0 =3
0 2 2 0 1 0 0 =2761
0 2 2 0 1 0 1 =182
0 2 2 0 1 0 2 =1
0 2 2 0 1 1 0 =38
0 2 2 0 1 1 1 =7
0 2 2 0 2 0 0 =103
0 2 2 0 2 1 0 =1
0 2 2 1 0 0 0 =2567
0 2 2 1 0 0 1 =178
0 2 2 1 0 1 0 =31
0 2 2 1 0 1 1 =5
0 2 2 1 1 0 0 =187
0 2 2 1 1 0 1 =1
0 2 2 1 1 1 0 =4
0 2 2 2 0 0 0 =72
0 2 2 2 0 1 0 =1
0 2 2 2 1 0 0 =2
0 2 2 3 0 0 0 =1
0 2 3 0 0 0 0 =588
0 2 3 0 0 0 1 =213
0 2 3 0 0 0 2 =6
0 2 3 0 0 1 0 =12
0 2 3 0 0 1 1 =1
0 2 3 0 1 0 0 =156
0 2 3 0 1 0 1 =10
0 2 3 0 1 1 0 =3
0 2 3 0 1 1 1 =2
0 2 3 0 2 0 0 =7
0 2 3 1 0 0 0 =180
0 2 3 1 0 0 1 =11
0 2 3 1 1 0 0 =13
0 2 3 2 0 0 0 =3
0 2 4 0 0 0 0 =66
0 2 4 0 0 0 1 =13
0 2 4 0 0 0 2 =2
0 2 4 0 0 1 0 =3
0 2 4 0 1 0 0 =8
0 2 4 0 1 0 1 =2
0 2 4 1 0 0 0 =10
0 2 4 1 0 0 1 =2
0 2 4 1 1 0 0 =1
0 2 5 0 0 0 0 =3
0 2 5 0 1 0 0 =1
0 2 5 1 0 0 0 =1
0 3 0 0 0 0 0 =156942
0 3 0 0 0 0 1 =4299
0 3 0 0 0 0 2 =446
0 3 0 0 0 1 0 =18692
0 3 0 0 0 1 1 =74
0 3 0 0 0 1 2 =5
0 3 0 0 0 2 0 =120
0 3 0 0 0 2 1 =1
0 3 0 0 0 3 0 =1
0 3 0 0 1 0 0 =4301
0 3 0 0 1 0 1 =3
0 3 0 0 1 1 0 =61
0 3 0 0 1 2 0 =1
0 3 0 0 2 0 0 =435
0 3 0 0 2 1 0 =6
0 3 0 1 0 0 0 =4121
0 3 0 1 0 0 1 =4
0 3 0 1 0 0 2 =1
0 3 0 1 0 1 0 =82
0 3 0 1 1 0 0 =3
0 3 0 2 0 0 0 =387
0 3 0 2 0 0 1 =1
0 3 0 2 0 1 0 =11
0 3 1 0 0 0 0 =8977
0 3 1 0 0 0 1 =976
0 3 1 0 0 0 2 =25
0 3 1 0 0 1 0 =318
0 3 1 0 0 1 1 =13
0 3 1 0 0 1 2 =1
0 3 1 0 0 2 0 =4
0 3 1 0 1 0 0 =913
0 3 1 0 1 0 1 =27
0 3 1 0 1 1 0 =7
0 3 1 0 1 1 1 =2
0 3 1 0 2 0 0 =27
0 3 1 1 0 0 0 =937
0 3 1 1 0 0 1 =29
0 3 1 1 0 1 0 =15
0 3 1 1 0 1 1 =1
0 3 1 1 1 0 0 =43
0 3 1 1 1 0 1 =1
0 3 1 1 2 0 0 =1
0 3 1 2 0 0 0 =33
0 3 1 2 0 0 1 =1
0 3 1 2 0 1 0 =2
0 3 2 0 0 0 0 =10985
0 3 2 0 0 0 1 =2052
0 3 2 0 0 0 2 =39
0 3 2 0 0 1 0 =188
0 3 2 0 0 1 1 =36
0 3 2 0 0 1 2 =1
0 3 2 0 0 2 0 =2
0 3 2 0 1 0 0 =2101
0 3 2 0 1 0 1 =69
0 3 2 0 1 1 0 =32
0 3 2 0 1 1 1 =1
0 3 2 0 2 0 0 =40
0 3 2 0 3 0 0 =1
0 3 2 1 0 0 0 =1952
0 3 2 1 0 0 1 =64
0 3 2 1 0 1 0 =21
0 3 2 1 1 0 0 =81
0 3 2 1 1 1 0 =2
0 3 2 1 2 0 0 =1
0 3 2 2 0 0 0 =30
0 3 2 2 0 1 0 =1
0 3 3 0 0 0 0 =732
0 3 3 0 0 0 1 =134
0 3 3 0 0 0 2 =3
0 3 3 0 0 1 0 =4
0 3 3 0 0 1 1 =2
0 3 3 0 1 0 0 =125
0 3 3 0 1 0 1 =4
0 3 3 0 1 1 0 =1
0 3 3 0 2 0 0 =4
0 3 3 1 0 0 0 =136
0 3 3 1 0 0 1 =3
0 3 3 1 0 1 0 =2
0 3 3 1 1 0 0 =6
0 3 3 2 0 0 0 =2
0 3 4 0 0 0 0 =62
0 3 4 0 0 0 1 =7
0 3 4 0 0 1 0 =1
0 3 4 0 1 0 0 =5
0 3 4 0 1 0 1 =3
0 3 4 1 0 0 0 =6
0 3 4 1 0 0 1 =2
0 3 5 0 0 0 1 =1
0 3 5 0 0 1 0 =1
0 3 5 0 1 0 0 =1
0 3 5 0 1 1 0 =1
0 3 5 1 0 0 0 =1
0 4 0 0 0 0 0 =87140
0 4 0 0 0 0 1 =1132
0 4 0 0 0 0 2 =113
0 4 0 0 0 1 0 =5419
0 4 0 0 0 1 1 =14
0 4 0 0 0 1 2 =1
0 4 0 0 0 2 0 =26
0 4 0 0 0 3 0 =1
0 4 0 0 1 0 0 =1159
0 4 0 0 1 0 1 =2
0 4 0 0 1 1 0 =20
0 4 0 0 2 0 0 =125
0 4 0 0 2 1 0 =1
0 4 0 1 0 0 0 =1162
0 4 0 1 0 0 1 =4
0 4 0 1 0 1 0 =22
0 4 0 1 0 1 1 =1
0 4 0 1 1 0 0 =3
0 4 0 2 0 0 0 =124
0 4 0 2 0 1 0 =5
0 4 1 0 0 0 0 =6289
0 4 1 0 0 0 1 =482
0 4 1 0 0 0 2 =7
0 4 1 0 0 1 0 =133
0 4 1 0 0 1 1 =5
0 4 1 0 0 2 0 =1
0 4 1 0 1 0 0 =477
0 4 1 0 1 0 1 =13
0 4 1 0 1 1 0 =8
0 4 1 0 2 0 0 =13
0 4 1 0 2 1 0 =1
0 4 1 1 0 0 0 =454
0 4 1 1 0 0 1 =12
0 4 1 1 0 1 0 =5
0 4 1 1 1 0 0 =16
0 4 1 2 0 0 0 =6
0 4 2 0 0 0 0 =10872
0 4 2 0 0 0 1 =1020
0 4 2 0 0 0 2 =12
0 4 2 0 0 1 0 =133
0 4 2 0 0 1 1 =15
0 4 2 0 1 0 0 =1060
0 4 2 0 1 0 1 =27
0 4 2 0 1 1 0 =14
0 4 2 0 1 1 1 =1
0 4 2 0 1 2 0 =1
0 4 2 0 2 0 0 =9
0 4 2 0 2 1 0 =1
0 4 2 1 0 0 0 =958
0 4 2 1 0 0 1 =17
0 4 2 1 0 1 0 =20
0 4 2 1 0 1 1 =1
0 4 2 1 1 0 0 =22
0 4 2 1 1 1 0 =1
0 4 2 2 0 0 0 =14
0 4 3 0 0 0 0 =668
0 4 3 0 0 0 1 =69
0 4 3 0 0 1 0 =6
0 4 3 0 1 0 0 =72
0 4 3 0 1 0 1 =1
0 4 3 0 2 0 0 =1
0 4 3 1 0 0 0 =64
0 4 3 1 0 0 1 =2
0 4 3 1 0 1 0 =3
0 4 3 2 0 0 0 =1
0 4 4 0 0 0 0 =70
0 4 4 0 0 0 1 =2
0 4 4 0 0 1 0 =1
0 4 4 0 1 0 0 =7
0 4 4 1 0 0 0 =3
0 4 4 2 0 0 0 =1
0 4 5 0 0 0 0 =2
0 4 5 0 1 0 0 =1
0 5 0 0 0 0 0 =31663
0 5 0 0 0 0 1 =268
0 5 0 0 0 0 2 =28
0 5 0 0 0 1 0 =1275
0 5 0 0 0 1 1 =4
0 5 0 0 0 2 0 =11
0 5 0 0 1 0 0 =282
0 5 0 0 1 1 0 =5
0 5 0 0 2 0 0 =26
0 5 0 0 2 1 0 =2
0 5 0 1 0 0 0 =279
0 5 0 1 0 1 0 =7
0 5 0 2 0 0 0 =37
0 5 1 0 0 0 0 =3508
0 5 1 0 0 0 1 =178
0 5 1 0 0 0 2 =2
0 5 1 0 0 1 0 =46
0 5 1 0 0 1 1 =4
0 5 1 0 1 0 0 =208
0 5 1 0 1 0 1 =4
0 5 1 0 1 1 0 =2
0 5 1 0 2 0 0 =2
0 5 1 1 0 0 0 =165
0 5 1 1 0 0 1 =9
0 5 1 1 0 1 0 =5
0 5 1 1 1 0 0 =4
0 5 1 1 2 0 0 =1
0 5 1 2 0 0 0 =2
0 5 2 0 0 0 0 =6988
0 5 2 0 0 0 1 =386
0 5 2 0 0 0 2 =3
0 5 2 0 0 1 0 =73
0 5 2 0 0 1 1 =5
0 5 2 0 0 2 0 =2
0 5 2 0 1 0 0 =371
0 5 2 0 1 0 1 =10
0 5 2 0 1 0 2 =1
0 5 2 0 1 1 0 =6
0 5 2 0 2 0 0 =4
0 5 2 1 0 0 0 =436
0 5 2 1 0 0 1 =5
0 5 2 1 0 1 0 =5
0 5 2 1 1 0 0 =5
0 5 2 2 0 0 0 =2
0 5 2 3 1 0 0 =1
0 5 3 0 0 0 0 =428
0 5 3 0 0 0 1 =19
0 5 3 0 0 1 0 =11
0 5 3 0 1 0 0 =38
0 5 3 0 1 0 1 =1
0 5 3 1 0 0 0 =26
0 5 3 1 0 1 0 =1
0 5 4 0 0 0 0 =46
0 5 4 0 0 0 1 =2
0 5 4 0 0 1 1 =1
0 5 4 0 1 0 0 =1
0 5 4 1 0 0 0 =2
0 5 5 0 0 0 0 =2
0 5 5 0 0 0 1 =1
0 6 0 0 0 0 0 =8895
0 6 0 0 0 0 1 =63
0 6 0 0 0 0 2 =6
0 6 0 0 0 1 0 =289
0 6 0 0 0 2 0 =3
0 6 0 0 1 0 0 =55
0 6 0 0 2 0 0 =5
0 6 0 1 0 0 0 =63
0 6 0 1 0 1 0 =1
0 6 0 2 0 0 0 =2
0 6 1 0 0 0 0 =1678
0 6 1 0 0 0 1 =73
0 6 1 0 0 1 0 =19
0 6 1 0 0 1 1 =2
0 6 1 0 0 2 0 =1
0 6 1 0 1 0 0 =61
0 6 1 0 1 0 1 =3
0 6 1 0 1 1 0 =1
0 6 1 0 2 0 0 =2
0 6 1 1 0 0 0 =63
0 6 1 1 0 0 1 =2
0 6 1 1 0 1 0 =3
0 6 1 1 1 0 0 =2
0 6 1 2 0 0 0 =1
0 6 2 0 0 0 0 =3191
0 6 2 0 0 0 1 =126
0 6 2 0 0 1 0 =27
0 6 2 0 0 1 1 =1
0 6 2 0 1 0 0 =132
0 6 2 0 1 0 1 =3
0 6 2 0 1 1 0 =1
0 6 2 0 2 0 0 =2
0 6 2 0 2 1 1 =1
0 6 2 1 0 0 0 =131
0 6 2 1 0 0 1 =1
0 6 2 1 0 1 0 =8
0 6 2 2 0 0 0 =1
0 6 3 0 0 0 0 =199
0 6 3 0 0 0 1 =9
0 6 3 0 0 1 0 =3
0 6 3 0 1 0 0 =15
0 6 3 1 0 0 0 =9
0 6 3 1 0 0 1 =1
0 6 4 0 0 0 0 =18
0 6 4 0 0 1 0 =1
0 6 4 0 1 0 0 =1
0 6 4 1 0 0 0 =2
0 6 5 0 0 0 0 =1
0 6 5 0 0 0 1 =1
0 7 0 0 0 0 0 =2165
0 7 0 0 0 0 1 =15
0 7 0 0 0 0 2 =1
0 7 0 0 0 1 0 =53
0 7 0 0 1 0 0 =15
0 7 0 0 2 0 0 =1
0 7 0 1 0 0 0 =17
0 7 0 2 0 0 0 =1
0 7 1 0 0 0 0 =602
0 7 1 0 0 0 1 =25
0 7 1 0 0 0 2 =1
0 7 1 0 0 1 0 =6
0 7 1 0 1 0 0 =15
0 7 1 1 0 0 0 =24
0 7 1 1 0 0 1 =1
0 7 1 1 1 0 0 =1
0 7 2 0 0 0 0 =1179
0 7 2 0 0 0 1 =41
0 7 2 0 0 0 2 =1
0 7 2 0 0 1 0 =12
0 7 2 0 1 0 0 =34
0 7 2 0 1 0 1 =1
0 7 2 1 0 0 0 =42
0 7 3 0 0 0 0 =68
0 7 3 0 0 0 1 =4
0 7 3 0 0 1 0 =1
0 7 3 0 1 0 0 =2
0 7 3 1 0 0 0 =4
0 7 4 0 0 0 0 =1
0 8 0 0 0 0 0 =452
0 8 0 0 0 0 1 =3
0 8 0 0 0 0 2 =1
0 8 0 0 0 1 0 =15
0 8 0 1 0 0 0 =3
0 8 1 0 0 0 0 =219
0 8 1 0 0 0 1 =9
0 8 1 0 0 1 0 =1
0 8 1 0 1 0 0 =5
0 8 1 0 1 1 0 =1
0 8 1 1 0 0 0 =1
0 8 2 0 0 0 0 =381
0 8 2 0 0 0 1 =10
0 8 2 0 0 1 0 =2
0 8 2 0 1 0 0 =14
0 8 2 0 1 1 0 =1
0 8 2 1 0 0 0 =8
0 8 2 1 0 0 1 =1
0 8 3 0 0 0 0 =21
0 8 3 0 0 0 1 =4
0 8 3 0 0 1 0 =1
0 8 3 0 1 0 0 =1
0 8 4 0 0 0 0 =5
0 8 5 0 1 0 0 =1
0 9 0 0 0 0 0 =94
0 9 0 0 0 0 1 =1
0 9 0 0 0 1 0 =1
0 9 0 0 1 0 0 =1
0 9 1 0 0 0 0 =70
0 9 1 0 1 0 0 =1
0 9 1 1 0 0 0 =1
0 9 2 0 0 0 0 =134
0 9 2 1 0 0 0 =5
0 9 3 0 0 0 0 =10
0 9 4 0 0 0 0 =1
1 0 0 0 0 0 0 =123
1 0 0 0 0 0 1 =38
1 0 0 0 0 0 2 =1
1 0 0 0 0 1 0 =59
1 0 0 0 0 1 1 =2
1 0 0 0 1 0 0 =31
1 0 0 0 1 0 1 =1
1 0 0 0 2 0 0 =4
1 0 0 1 0 0 0 =41
1 0 0 1 0 1 0 =4
1 0 0 1 0 1 1 =1
1 0 0 1 1 0 0 =1
1 0 0 2 0 0 0 =1
1 0 0 2 0 1 0 =1
1 0 0 3 0 0 1 =1
1 0 1 0 0 0 0 =66
1 0 1 0 0 0 1 =7
1 0 1 0 0 0 2 =2
1 0 1 0 0 1 0 =3
1 0 1 0 0 1 1 =1
1 0 1 0 1 0 0 =5
1 0 1 0 1 0 1 =2
1 0 1 0 2 0 0 =2
1 0 1 1 0 0 0 =4
1 0 1 1 0 0 1 =3
1 0 2 0 0 0 0 =41
1 0 2 0 0 0 1 =9
1 0 2 0 0 1 1 =1
1 0 2 0 1 0 0 =10
1 0 2 0 1 0 1 =5
1 0 2 0 1 1 1 =1
1 0 2 0 2 0 0 =4
1 0 2 1 0 0 0 =1
1 0 2 1 0 0 1 =8
1 0 2 1 1 0 0 =2
1 0 2 1 2 0 0 =1
1 0 2 2 0 0 0 =2
1 0 3 0 0 0 1 =1
1 0 4 0 0 0 0 =1
1 1 0 0 0 0 0 =2354
1 1 0 0 0 0 1 =310
1 1 0 0 0 0 2 =1
1 1 0 0 0 1 0 =58
1 1 0 0 0 1 1 =1
1 1 0 0 1 0 0 =332
1 1 0 0 1 1 0 =6
1 1 0 0 2 0 0 =1
1 1 0 1 0 0 0 =309
1 1 0 1 0 0 1 =2
1 1 0 1 0 1 0 =4
1 1 0 2 0 0 0 =2
1 1 1 0 0 0 0 =102
1 1 1 0 0 0 1 =16
1 1 1 0 0 0 2 =1
1 1 1 0 0 1 0 =4
1 1 1 0 0 1 1 =1
1 1 1 0 1 0 0 =21
1 1 1 0 1 1 0 =1
1 1 1 0 2 0 0 =1
1 1 1 1 0 0 0 =25
1 1 1 1 0 0 1 =3
1 1 1 1 1 0 0 =1
1 1 2 0 0 0 0 =63
1 1 2 0 0 0 1 =19
1 1 2 0 0 0 2 =2
1 1 2 0 0 1 0 =2
1 1 2 0 1 0 0 =21
1 1 2 0 1 0 1 =4
1 1 2 0 2 0 0 =1
1 1 2 1 0 0 0 =29
1 1 2 1 0 0 1 =2
1 1 2 1 1 0 0 =7
1 1 2 2 0 0 0 =3
1 1 2 3 0 0 0 =1
1 1 3 0 0 0 0 =4
1 1 3 0 0 0 1 =5
1 1 3 0 0 1 1 =1
1 1 3 0 1 0 0 =4
1 1 3 0 1 0 1 =1
1 1 3 1 0 0 0 =2
1 10 2 0 0 0 0 =1
1 2 0 0 0 0 0 =2508
1 2 0 0 0 0 1 =328
1 2 0 0 0 1 0 =34
1 2 0 0 0 1 1 =5
1 2 0 0 0 1 2 =1
1 2 0 0 1 0 0 =338
1 2 0 0 1 1 0 =10
1 2 0 1 0 0 0 =304
1 2 0 1 0 1 0 =4
1 2 1 0 0 0 0 =125
1 2 1 0 0 0 1 =30
1 2 1 0 0 0 2 =4
1 2 1 0 1 0 0 =33
1 2 1 0 1 0 1 =2
1 2 1 0 2 0 0 =1
1 2 1 1 0 0 0 =33
1 2 1 1 0 0 1 =3
1 2 1 1 0 1 0 =1
1 2 1 1 1 0 0 =5
1 2 1 1 1 1 0 =1
1 2 1 2 0 0 0 =2
1 2 2 0 0 0 0 =108
1 2 2 0 0 0 1 =48
1 2 2 0 0 0 2 =3
1 2 2 0 0 1 0 =1
1 2 2 0 1 0 0 =50
1 2 2 0 1 0 1 =3
1 2 2 0 1 1 0 =1
1 2 2 0 2 0 0 =2
1 2 2 1 0 0 0 =44
1 2 2 1 0 0 1 =6
1 2 2 1 0 1 0 =1
1 2 2 1 1 0 0 =6
1 2 2 2 0 0 0 =2
1 2 3 0 0 0 0 =7
1 2 3 0 0 0 1 =6
1 2 3 0 1 0 0 =2
1 2 3 1 0 0 0 =2
1 2 4 0 0 0 0 =1
1 2 4 0 0 0 1 =1
1 2 4 0 1 0 0 =2
1 3 0 0 0 0 0 =1360
1 3 0 0 0 0 1 =196
1 3 0 0 0 1 0 =23
1 3 0 0 0 1 1 =4
1 3 0 0 1 0 0 =170
1 3 0 0 1 1 0 =8
1 3 0 1 0 0 0 =186
1 3 0 1 0 0 1 =1
1 3 0 1 0 1 0 =3
1 3 1 0 0 0 0 =74
1 3 1 0 0 0 1 =30
1 3 1 0 0 1 0 =2
1 3 1 0 0 1 1 =1
1 3 1 0 1 0 0 =47
1 3 1 0 1 0 1 =2
1 3 1 0 2 0 0 =1
1 3 1 1 0 0 0 =25
1 3 1 1 0 0 1 =3
1 3 1 1 1 0 0 =3
1 3 2 0 0 0 0 =99
1 3 2 0 0 0 1 =61
1 3 2 0 0 0 2 =4
1 3 2 0 0 1 0 =4
1 3 2 0 1 0 0 =41
1 3 2 0 1 0 1 =4
1 3 2 0 1 1 0 =1
1 3 2 0 2 0 0 =1
1 3 2 1 0 0 0 =30
1 3 2 1 0 0 1 =4
1 3 2 1 0 1 0 =2
1 3 2 1 1 0 0 =3
1 3 2 2 0 0 0 =1
1 3 3 0 0 0 0 =3
1 3 3 0 0 0 1 =2
1 3 3 0 1 0 0 =5
1 3 3 1 0 0 0 =5
1 3 5 0 1 1 0 =1
1 4 0 0 0 0 0 =535
1 4 0 0 0 0 1 =71
1 4 0 0 0 1 0 =4
1 4 0 0 0 1 1 =3
1 4 0 0 0 2 0 =1
1 4 0 0 1 0 0 =80
1 4 0 0 1 0 1 =1
1 4 0 0 1 1 0 =3
1 4 0 1 0 0 0 =77
1 4 0 1 0 0 1 =1
1 4 1 0 0 0 0 =48
1 4 1 0 0 0 1 =24
1 4 1 0 0 0 2 =1
1 4 1 0 0 1 0 =1
1 4 1 0 1 0 0 =18
1 4 1 1 0 0 0 =21
1 4 1 2 0 0 0 =1
1 4 2 0 0 0 0 =66
1 4 2 0 0 0 1 =38
1 4 2 0 1 0 0 =38
1 4 2 0 1 0 1 =2
1 4 2 0 2 0 0 =2
1 4 2 1 0 0 0 =34
1 4 2 1 0 0 1 =2
1 4 2 1 0 1 0 =1
1 4 2 1 1 0 0 =2
1 4 3 0 0 0 0 =5
1 4 3 0 0 0 1 =4
1 4 3 0 1 0 0 =1
1 4 4 0 1 0 0 =1
1 5 0 0 0 0 0 =172
1 5 0 0 0 0 1 =26
1 5 0 0 0 1 0 =2
1 5 0 0 0 2 0 =1
1 5 0 0 1 0 0 =28
1 5 0 1 0 0 0 =36
1 5 1 0 0 0 0 =21
1 5 1 0 0 0 1 =8
1 5 1 0 0 1 0 =1
1 5 1 0 1 0 0 =11
1 5 1 1 0 0 0 =12
1 5 1 1 0 0 1 =2
1 5 2 0 0 0 0 =30
1 5 2 0 0 0 1 =19
1 5 2 0 0 1 1 =1
1 5 2 0 1 0 0 =21
1 5 2 0 1 0 1 =1
1 5 2 1 0 0 0 =13
1 5 3 0 0 0 0 =2
1 5 3 0 0 0 1 =1
1 5 3 0 1 0 0 =2
1 5 3 1 0 0 0 =1
1 6 0 0 0 0 0 =43
1 6 0 0 0 0 1 =6
1 6 0 0 0 1 0 =1
1 6 0 0 0 1 1 =1
1 6 0 0 1 0 0 =6
1 6 0 1 0 0 0 =6
1 6 1 0 0 0 0 =8
1 6 1 0 0 0 1 =5
1 6 1 0 0 0 2 =1
1 6 1 0 1 0 0 =5
1 6 1 1 0 0 0 =4
1 6 1 1 0 0 1 =1
1 6 1 1 0 1 1 =1
1 6 2 0 0 0 0 =7
1 6 2 0 0 0 1 =3
1 6 2 0 1 0 0 =10
1 6 2 1 0 0 0 =3
1 6 2 1 0 1 0 =1
1 6 3 1 0 0 0 =1
1 7 0 0 0 0 0 =8
1 7 0 0 1 0 0 =3
1 7 0 1 0 0 0 =2
1 7 1 0 0 0 0 =4
1 7 1 0 0 0 1 =1
1 7 1 1 1 0 0 =1
1 7 2 0 0 0 0 =10
1 7 2 0 0 0 1 =3
1 7 2 0 0 0 2 =1
1 7 2 0 1 0 0 =7
1 7 2 0 1 1 0 =1
1 7 2 1 0 0 0 =1
1 7 3 0 0 0 0 =1
1 7 3 0 0 0 1 =1
1 8 0 0 0 0 0 =4
1 8 0 0 0 0 1 =1
1 8 0 1 0 0 0 =1
1 8 1 0 0 0 1 =1
1 8 1 0 1 0 0 =1
1 8 2 1 0 0 0 =1
1 9 1 0 0 0 0 =1
1 9 2 0 0 0 0 =1
