0 0 0 0 0 0 0 =16055
0 0 0 0 0 0 1 =3290
0 0 0 0 0 0 2 =171
0 0 0 0 0 1 0 =13333
0 0 0 0 0 1 1 =79
0 0 0 0 0 1 2 =17
0 0 0 0 0 2 0 =221
0 0 0 0 0 2 1 =1
0 0 0 0 1 0 0 =3473
0 0 0 0 1 0 1 =24
0 0 0 0 1 0 2 =1
0 0 0 0 1 1 0 =72
0 0 0 0 1 1 1 =2
0 0 0 0 1 2 0 =1
0 0 0 0 2 0 0 =451
0 0 0 0 2 0 1 =1
0 0 0 0 2 1 0 =16
0 0 0 0 3 0 0 =1
0 0 0 1 0 0 0 =3398
0 0 0 1 0 0 1 =32
0 0 0 1 0 0 2 =2
0 0 0 1 0 1 0 =64
0 0 0 1 0 2 0 =2
0 0 0 1 1 0 0 =25
0 0 0 1 1 1 0 =1
0 0 0 2 0 0 0 =430
0 0 0 2 0 0 1 =1
0 0 0 2 0 0 2 =1
0 0 0 2 0 1 0 =14
0 0 0 2 1 0 0 =2
0 0 0 3 0 0 0 =2
0 0 1 0 0 0 0 =2545
0 0 1 0 0 0 1 =394
0 0 1 0 0 0 2 =172
0 0 1 0 0 1 0 =2006
0 0 1 0 0 1 1 =11
0 0 1 0 0 1 2 =2
0 0 1 0 0 2 0 =7
0 0 1 0 1 0 0 =384
0 0 1 0 1 0 1 =124
0 0 1 0 1 1 0 =6
0 0 1 0 1 1 1 =1
0 0 1 0 2 0 0 =150
0 0 1 0 2 0 1 =2
0 0 1 0 2 1 0 =4
0 0 1 0 3 0 0 =1
0 0 1 1 0 0 0 =359
0 0 1 1 0 0 1 =160
0 0 1 1 0 0 2 =3
0 0 1 1 0 1 0 =6
0 0 1 1 0 1 1 =4
0 0 1 1 0 2 0 =1
0 0 1 1 1 0 0 =122
0 0 1 1 1 0 1 =3
0 0 1 1 1 1 0 =3
0 0 1 1 1 1 1 =1
0 0 1 1 2 0 0 =2
0 0 1 1 2 1 0 =1
0 0 1 2 0 0 0 =137
0 0 1 2 0 0 1 =1
0 0 1 2 0 1 0 =3
0 0 1 2 1 0 0 =1
0 0 2 0 0 0 0 =1690
0 0 2 0 0 0 1 =432
0 0 2 0 0 0 2 =199
0 0 2 0 0 0 3 =1
0 0 2 0 0 1 0 =547
0 0 2 0 0 1 1 =11
0 0 2 0 0 1 2 =4
0 0 2 0 0 2 0 =3
0 0 2 0 1 0 0 =449
0 0 2 0 1 0 1 =370
0 0 2 0 1 0 2 =1
0 0 2 0 1 1 0 =17
0 0 2 0 1 1 1 =5
0 0 2 0 2 0 0 =196
0 0 2 0 2 0 1 =3
0 0 2 0 2 1 0 =1
0 0 2 0 3 0 0 =1
0 0 2 1 0 0 0 =420
0 0 2 1 0 0 1 =350
0 0 2 1 0 0 2 =4
0 0 2 1 0 1 0 =15
0 0 2 1 0 1 1 =8
0 0 2 1 1 0 0 =334
0 0 2 1 1 0 1 =5
0 0 2 2 0 0 0 =186
0 0 2 2 0 0 1 =1
0 0 2 2 0 1 0 =3
0 0 2 2 1 0 0 =2
0 0 2 3 0 0 0 =1
0 0 3 0 0 0 0 =436
0 0 3 0 0 0 1 =35
0 0 3 0 0 0 2 =7
0 0 3 0 0 1 0 =33
0 0 3 0 0 1 1 =1
0 0 3 0 1 0 0 =27
0 0 3 0 1 0 1 =22
0 0 3 0 1 1 0 =2
0 0 3 0 1 1 1 =1
0 0 3 0 2 0 0 =11
0 0 3 1 0 0 0 =32
0 0 3 1 0 0 1 =22
0 0 3 1 0 1 1 =1
0 0 3 1 1 0 0 =17
0 0 3 2 0 0 0 =12
0 0 4 0 0 0 0 =106
0 0 4 0 0 0 1 =2
0 0 4 0 0 1 0 =1
0 0 4 0 1 0 0 =2
0 0 4 0 1 0 1 =2
0 0 4 1 0 0 0 =3
0 0 4 1 0 0 1 =1
0 0 4 1 1 0 0 =1
0 0 4 2 0 0 0 =1
0 0 5 0 0 0 0 =10
0 0 5 0 1 0 0 =1
0 0 5 0 1 0 1 =1
0 1 0 0 0 0 0 =80123
0 1 0 0 0 0 1 =18832
0 1 0 0 0 0 2 =1947
0 1 0 0 0 0 3 =4
0 1 0 0 0 1 0 =85830
0 1 0 0 0 1 1 =256
0 1 0 0 0 1 2 =41
0 1 0 0 0 2 0 =516
0 1 0 0 0 2 1 =1
0 1 0 0 0 3 0 =2
0 1 0 0 1 0 0 =18768
0 1 0 0 1 0 1 =23
0 1 0 0 1 1 0 =297
0 1 0 0 2 0 0 =1839
0 1 0 0 2 0 1 =4
0 1 0 0 2 1 0 =45
0 1 0 0 3 0 0 =2
0 1 0 1 0 0 0 =18020
0 1 0 1 0 0 1 =27
0 1 0 1 0 1 0 =305
0 1 0 1 0 2 0 =2
0 1 0 1 1 0 0 =31
0 1 0 1 1 1 0 =1
0 1 0 1 2 0 0 =1
0 1 0 2 0 0 0 =1729
0 1 0 2 0 0 1 =2
0 1 0 2 0 0 2 =1
0 1 0 2 0 1 0 =32
0 1 0 2 1 0 0 =2
0 1 0 3 0 0 0 =2
0 1 1 0 0 0 0 =8866
0 1 1 0 0 0 1 =1084
0 1 1 0 0 0 2 =140
0 1 1 0 0 1 0 =1681
0 1 1 0 0 1 1 =23
0 1 1 0 0 1 2 =1
0 1 1 0 0 2 0 =9
0 1 1 0 0 2 1 =1
0 1 1 0 1 0 0 =1061
0 1 1 0 1 0 1 =152
0 1 1 0 1 0 2 =2
0 1 1 0 1 1 0 =32
0 1 1 0 1 1 1 =3
0 1 1 0 2 0 0 =138
0 1 1 0 2 0 1 =2
0 1 1 0 2 1 0 =4
0 1 1 0 3 0 0 =1
0 1 1 1 0 0 0 =1051
0 1 1 1 0 0 1 =121
0 1 1 1 0 0 2 =1
0 1 1 1 0 1 0 =17
0 1 1 1 0 1 1 =4
0 1 1 1 1 0 0 =132
0 1 1 1 1 0 1 =2
0 1 1 1 1 1 0 =5
0 1 1 1 2 0 0 =4
0 1 1 2 0 0 0 =121
0 1 1 2 0 1 0 =1
0 1 1 3 0 0 0 =2
0 1 2 0 0 0 0 =7840
0 1 2 0 0 0 1 =1499
0 1 2 0 0 0 2 =202
0 1 2 0 0 1 0 =440
0 1 2 0 0 1 1 =20
0 1 2 0 0 1 2 =3
0 1 2 0 0 2 0 =2
0 1 2 0 1 0 0 =1564
0 1 2 0 1 0 1 =289
0 1 2 0 1 1 0 =22
0 1 2 0 1 1 1 =4
0 1 2 0 2 0 0 =176
0 1 2 0 2 0 1 =3
0 1 2 0 2 1 0 =3
0 1 2 0 3 0 0 =1
0 1 2 1 0 0 0 =1441
0 1 2 1 0 0 1 =316
0 1 2 1 0 1 0 =23
0 1 2 1 0 1 1 =8
0 1 2 1 1 0 0 =331
0 1 2 1 1 0 1 =1
0 1 2 1 1 1 0 =7
0 1 2 1 2 0 0 =1
0 1 2 2 0 0 0 =152
0 1 2 2 0 1 0 =3
0 1 2 2 1 0 0 =2
0 1 2 3 0 0 0 =1
0 1 3 0 0 0 0 =614
0 1 3 0 0 0 1 =109
0 1 3 0 0 0 2 =18
0 1 3 0 0 1 0 =20
0 1 3 0 0 1 1 =3
0 1 3 0 1 0 0 =114
0 1 3 0 1 0 1 =21
0 1 3 0 1 1 0 =1
0 1 3 0 1 1 1 =1
0 1 3 0 2 0 0 =14
0 1 3 1 0 0 0 =90
0 1 3 1 0 0 1 =16
0 1 3 1 0 1 0 =2
0 1 3 1 0 1 1 =1
0 1 3 1 1 0 0 =17
0 1 3 1 1 1 0 =1
0 1 3 2 0 0 0 =6
0 1 4 0 0 0 0 =84
0 1 4 0 0 0 1 =10
0 1 4 0 0 0 2 =1
0 1 4 0 0 1 0 =2
0 1 4 0 0 1 1 =1
0 1 4 0 1 0 0 =5
0 1 4 0 1 0 1 =5
0 1 4 0 1 1 0 =1
0 1 4 0 2 0 0 =3
0 1 4 1 0 0 0 =8
0 1 4 1 1 0 0 =1
0 1 4 2 0 0 0 =2
0 1 5 0 0 0 0 =4
0 1 5 0 0 0 1 =1
0 1 5 0 0 1 0 =1
0 1 5 0 1 0 0 =1
0 1 6 0 0 0 0 =2
0 10 0 0 0 0 0 =19
0 10 0 0 0 1 0 =1
0 10 1 0 0 0 0 =12
0 10 2 0 0 0 0 =25
0 10 2 0 1 0 0 =1
0 10 2 1 0 1 0 =1
0 11 0 0 0 0 0 =2
0 11 1 0 0 0 0 =4
0 11 2 0 0 0 0 =13
0 12 0 0 0 0 0 =1
0 12 1 0 0 0 0 =1
0 12 2 0 0 0 0 =2
0 2 0 0 0 0 0 =132324
0 2 0 0 0 0 1 =12001
0 2 0 0 0 0 2 =1204
0 2 0 0 0 1 0 =52181
0 2 0 0 0 1 1 =189
0 2 0 0 0 1 2 =19
0 2 0 0 0 2 0 =362
0 2 0 0 0 2 1 =2
0 2 0 0 0 3 0 =1
0 2 0 0 1 0 0 =11851
0 2 0 0 1 0 1 =9
0 2 0 0 1 0 2 =1
0 2 0 0 1 1 0 =194
0 2 0 0 1 1 1 =1
0 2 0 0 1 2 0 =1
0 2 0 0 2 0 0 =1174
0 2 0 0 2 1 0 =19
0 2 0 1 0 0 0 =11299
0 2 0 1 0 0 1 =15
0 2 0 1 0 1 0 =178
0 2 0 1 0 2 0 =1
0 2 0 1 1 0 0 =9
0 2 0 1 1 0 1 =1
0 2 0 1 2 0 0 =2
0 2 0 2 0 0 0 =1046
0 2 0 2 0 1 0 =20
0 2 0 3 0 0 0 =2
0 2 1 0 0 0 0 =10153
0 2 1 0 0 0 1 =1341
0 2 1 0 0 0 2 =49
0 2 1 0 0 1 0 =792
0 2 1 0 0 1 1 =22
0 2 1 0 0 1 2 =1
0 2 1 0 0 2 0 =7
0 2 1 0 1 0 0 =1305
0 2 1 0 1 0 1 =72
0 2 1 0 1 1 0 =27
0 2 1 0 1 1 1 =2
0 2 1 0 2 0 0 =59
0 2 1 0 2 1 0 =2
0 2 1 0 3 0 0 =2
0 2 1 1 0 0 0 =1207
0 2 1 1 0 0 1 =64
0 2 1 1 0 1 0 =24
0 2 1 1 0 1 1 =4
0 2 1 1 1 0 0 =82
0 2 1 1 1 0 1 =2
0 2 1 1 1 1 0 =1
0 2 1 2 0 0 0 =65
0 2 1 2 0 1 0 =2
0 2 2 0 0 0 0 =9489
0 2 2 0 0 0 1 =2728
0 2 2 0 0 0 2 =98
0 2 2 0 0 1 0 =291
0 2 2 0 0 1 1 =43
0 2 2 0 0 1 2 =1
0 2 2 0 0 2 0 =3
0 2 2 0 1 0 0 =2743
0 2 2 0 1 0 1 =163
0 2 2 0 1 0 2 =1
0 2 2 0 1 1 0 =43
0 2 2 0 1 1 1 =4
0 2 2 0 1 2 0 =1
0 2 2 0 2 0 0 =110
0 2 2 0 2 1 0 =2
0 2 2 0 3 0 0 =1
0 2 2 1 0 0 0 =2644
0 2 2 1 0 0 1 =176
0 2 2 1 0 0 2 =1
0 2 2 1 0 1 0 =42
0 2 2 1 0 1 1 =2
0 2 2 1 1 0 0 =174
0 2 2 1 1 1 0 =3
0 2 2 1 2 0 0 =1
0 2 2 2 0 0 0 =90
0 2 2 2 0 0 1 =2
0 2 2 2 0 1 0 =1
0 2 2 3 0 0 0 =1
0 2 3 0 0 0 0 =595
0 2 3 0 0 0 1 =189
0 2 3 0 0 0 2 =9
0 2 3 0 0 1 0 =12
0 2 3 0 0 1 1 =5
0 2 3 0 1 0 0 =158
0 2 3 0 1 0 1 =8
0 2 3 0 1 1 0 =1
0 2 3 0 2 0 0 =5
0 2 3 1 0 0 0 =139
0 2 3 1 0 0 1 =7
0 2 3 1 0 1 0 =1
0 2 3 1 1 0 0 =13
0 2 3 2 0 0 0 =4
0 2 4 0 0 0 0 =54
0 2 4 0 0 0 1 =16
0 2 4 0 0 1 0 =1
0 2 4 0 0 1 1 =1
0 2 4 0 1 0 0 =18
0 2 4 0 1 0 1 =1
0 2 4 1 0 0 0 =16
0 2 4 1 0 0 1 =3
0 2 5 0 0 0 0 =4
0 2 5 1 0 0 0 =1
0 2 6 1 0 0 0 =1
0 3 0 0 0 0 0 =156922
0 3 0 0 0 0 1 =4405
0 3 0 0 0 0 2 =404
0 3 0 0 0 1 0 =18732
0 3 0 0 0 1 1 =67
0 3 0 0 0 1 2 =8
0 3 0 0 0 2 0 =108
0 3 0 0 1 0 0 =4254
0 3 0 0 1 0 1 =5
0 3 0 0 1 1 0 =82
0 3 0 0 1 2 0 =2
0 3 0 0 2 0 0 =404
0 3 0 0 2 1 0 =9
0 3 0 1 0 0 0 =4172
0 3 0 1 0 0 1 =11
0 3 0 1 0 1 0 =66
0 3 0 1 1 0 0 =8
0 3 0 2 0 0 0 =368
0 3 0 2 0 1 0 =6
0 3 1 0 0 0 0 =8856
0 3 1 0 0 0 1 =948
0 3 1 0 0 0 2 =19
0 3 1 0 0 0 3 =1
0 3 1 0 0 1 0 =324
0 3 1 0 0 1 1 =13
0 3 1 0 0 2 0 =2
0 3 1 0 1 0 0 =914
0 3 1 0 1 0 1 =41
0 3 1 0 1 1 0 =19
0 3 1 0 1 1 1 =2
0 3 1 0 2 0 0 =23
0 3 1 1 0 0 0 =894
0 3 1 1 0 0 1 =31
0 3 1 1 0 1 0 =11
0 3 1 1 1 0 0 =50
0 3 1 1 2 0 0 =1
0 3 1 2 0 0 0 =26
0 3 1 2 0 0 1 =2
0 3 1 2 0 1 0 =2
0 3 1 2 1 0 0 =1
0 3 2 0 0 0 0 =10987
0 3 2 0 0 0 1 =2091
0 3 2 0 0 0 2 =36
0 3 2 0 0 1 0 =180
0 3 2 0 0 1 1 =29
0 3 2 0 1 0 0 =2113
0 3 2 0 1 0 1 =66
0 3 2 0 1 1 0 =34
0 3 2 0 2 0 0 =38
0 3 2 0 2 1 0 =1
0 3 2 1 0 0 0 =1874
0 3 2 1 0 0 1 =68
0 3 2 1 0 0 2 =2
0 3 2 1 0 1 0 =19
0 3 2 1 1 0 0 =63
0 3 2 1 1 1 0 =2
0 3 2 2 0 0 0 =33
0 3 2 2 0 0 1 =1
0 3 3 0 0 0 0 =723
0 3 3 0 0 0 1 =127
0 3 3 0 0 0 2 =1
0 3 3 0 0 1 0 =6
0 3 3 0 0 1 1 =1
0 3 3 0 1 0 0 =124
0 3 3 0 1 0 1 =4
0 3 3 0 2 0 0 =1
0 3 3 1 0 0 0 =120
0 3 3 1 0 0 1 =10
0 3 3 1 0 1 0 =1
0 3 3 1 1 0 0 =9
0 3 3 2 0 0 0 =3
0 3 4 0 0 0 0 =51
0 3 4 0 0 0 1 =6
0 3 4 0 0 0 2 =1
0 3 4 0 0 1 0 =3
0 3 4 0 1 0 0 =10
0 3 4 0 1 0 1 =1
0 3 4 0 1 1 0 =1
0 3 4 0 2 0 0 =1
0 3 4 1 0 0 0 =9
0 3 4 1 0 0 1 =1
0 3 5 0 0 0 0 =6
0 3 5 0 0 0 1 =2
0 3 5 1 0 0 0 =1
0 3 6 0 0 0 0 =1
0 4 0 0 0 0 0 =87182
0 4 0 0 0 0 1 =1126
0 4 0 0 0 0 2 =121
0 4 0 0 0 1 0 =5234
0 4 0 0 0 1 1 =20
0 4 0 0 0 2 0 =33
0 4 0 0 1 0 0 =1150
0 4 0 0 1 0 1 =1
0 4 0 0 1 1 0 =18
0 4 0 0 2 0 0 =121
0 4 0 0 2 1 0 =3
0 4 0 1 0 0 0 =1154
0 4 0 1 0 0 1 =3
0 4 0 1 0 1 0 =17
0 4 0 1 1 0 0 =4
0 4 0 2 0 0 0 =108
0 4 0 2 0 1 0 =4
0 4 1 0 0 0 0 =6215
0 4 1 0 0 0 1 =450
0 4 1 0 0 0 2 =5
0 4 1 0 0 1 0 =139
0 4 1 0 0 1 1 =10
0 4 1 0 0 2 0 =2
0 4 1 0 1 0 0 =484
0 4 1 0 1 0 1 =21
0 4 1 0 1 1 0 =5
0 4 1 0 1 2 0 =1
0 4 1 0 2 0 0 =5
0 4 1 1 0 0 0 =480
0 4 1 1 0 0 1 =7
0 4 1 1 0 1 0 =9
0 4 1 1 1 0 0 =13
0 4 1 2 0 0 0 =4
0 4 1 2 0 1 0 =2
0 4 2 0 0 0 0 =10895
0 4 2 0 0 0 1 =944
0 4 2 0 0 0 2 =8
0 4 2 0 0 1 0 =146
0 4 2 0 0 1 1 =13
0 4 2 0 1 0 0 =1004
0 4 2 0 1 0 1 =27
0 4 2 0 1 1 0 =20
0 4 2 0 1 1 1 =1
0 4 2 0 2 0 0 =12
0 4 2 1 0 0 0 =944
0 4 2 1 0 0 1 =28
0 4 2 1 0 1 0 =12
0 4 2 1 1 0 0 =26
0 4 2 2 0 0 0 =19
0 4 3 0 0 0 0 =696
0 4 3 0 0 0 1 =65
0 4 3 0 0 0 2 =1
0 4 3 0 0 1 0 =7
0 4 3 0 0 1 1 =1
0 4 3 0 1 0 0 =74
0 4 3 0 1 1 0 =2
0 4 3 1 0 0 0 =55
0 4 3 1 0 0 1 =3
0 4 3 1 1 0 0 =3
0 4 3 1 1 0 1 =1
0 4 3 2 0 0 0 =1
0 4 4 0 0 0 0 =57
0 4 4 0 0 0 1 =6
0 4 4 0 0 1 0 =2
0 4 4 0 1 0 0 =2
0 4 4 1 0 0 0 =5
0 4 4 1 0 1 0 =1
0 4 5 0 0 0 0 =7
0 4 5 0 1 0 0 =1
0 4 5 0 1 1 1 =1
0 5 0 0 0 0 0 =32119
0 5 0 0 0 0 1 =261
0 5 0 0 0 0 2 =33
0 5 0 0 0 1 0 =1348
0 5 0 0 0 1 1 =4
0 5 0 0 0 1 2 =1
0 5 0 0 0 2 0 =6
0 5 0 0 1 0 0 =286
0 5 0 0 1 1 0 =5
0 5 0 0 2 0 0 =24
0 5 0 0 2 1 0 =1
0 5 0 1 0 0 0 =278
0 5 0 1 0 0 1 =1
0 5 0 1 0 1 0 =2
0 5 0 2 0 0 0 =29
0 5 0 2 0 0 1 =1
0 5 0 2 0 1 0 =2
0 5 1 0 0 0 0 =3643
0 5 1 0 0 0 1 =184
0 5 1 0 0 0 2 =2
0 5 1 0 0 1 0 =54
0 5 1 0 1 0 0 =181
0 5 1 0 1 0 1 =9
0 5 1 0 1 1 0 =4
0 5 1 0 2 0 0 =3
0 5 1 1 0 0 0 =188
0 5 1 1 0 0 1 =1
0 5 1 1 0 1 0 =4
0 5 1 1 1 0 0 =4
0 5 1 2 0 0 0 =2
0 5 2 0 0 0 0 =6863
0 5 2 0 0 0 1 =358
0 5 2 0 0 0 2 =6
0 5 2 0 0 1 0 =68
0 5 2 0 0 1 1 =4
0 5 2 0 1 0 0 =410
0 5 2 0 1 0 1 =6
0 5 2 0 1 0 2 =1
0 5 2 0 1 1 0 =5
0 5 2 0 2 0 0 =5
0 5 2 1 0 0 0 =401
0 5 2 1 0 0 1 =4
0 5 2 1 0 1 0 =6
0 5 2 1 1 0 0 =4
0 5 2 2 0 0 0 =3
0 5 3 0 0 0 0 =441
0 5 3 0 0 0 1 =24
0 5 3 0 0 0 2 =1
0 5 3 0 0 1 0 =4
0 5 3 0 0 1 1 =1
0 5 3 0 1 0 0 =23
0 5 3 0 1 0 1 =1
0 5 3 1 0 0 0 =19
0 5 3 1 0 0 1 =1
0 5 3 1 0 1 0 =1
0 5 3 1 1 0 0 =1
0 5 4 0 0 0 0 =38
0 5 4 0 0 0 1 =2
0 5 4 0 0 1 0 =2
0 5 4 0 1 0 0 =5
0 5 4 1 0 0 0 =5
0 5 5 0 0 0 0 =5
0 5 5 0 1 0 0 =2
0 6 0 0 0 0 0 =8762
0 6 0 0 0 0 1 =51
0 6 0 0 0 0 2 =5
0 6 0 0 0 1 0 =279
0 6 0 0 0 1 1 =2
0 6 0 0 0 2 0 =2
0 6 0 0 1 0 0 =73
0 6 0 0 1 0 1 =1
0 6 0 0 1 1 0 =2
0 6 0 0 2 0 0 =5
0 6 0 1 0 0 0 =61
0 6 0 1 0 1 0 =1
0 6 0 2 0 0 0 =4
0 6 1 0 0 0 0 =1599
0 6 1 0 0 0 1 =52
0 6 1 0 0 0 2 =1
0 6 1 0 0 1 0 =24
0 6 1 0 0 1 1 =1
0 6 1 0 1 0 0 =79
0 6 1 0 1 0 1 =1
0 6 1 0 1 1 0 =1
0 6 1 1 0 0 0 =66
0 6 1 1 0 0 1 =2
0 6 1 1 1 0 0 =2
0 6 1 2 0 0 0 =2
0 6 2 0 0 0 0 =3129
0 6 2 0 0 0 1 =98
0 6 2 0 0 0 2 =3
0 6 2 0 0 1 0 =48
0 6 2 0 1 0 0 =130
0 6 2 0 1 0 1 =1
0 6 2 0 1 1 0 =2
0 6 2 1 0 0 0 =139
0 6 2 1 0 1 0 =3
0 6 2 1 1 0 0 =2
0 6 2 2 0 0 0 =2
0 6 3 0 0 0 0 =195
0 6 3 0 0 0 1 =7
0 6 3 0 0 1 0 =5
0 6 3 0 1 0 0 =8
0 6 3 1 0 0 0 =7
0 6 4 0 0 0 0 =16
0 6 4 0 0 0 1 =1
0 6 4 0 0 1 0 =1
0 6 4 0 1 0 0 =1
0 6 4 1 0 0 0 =2
0 6 6 0 0 0 0 =1
0 6 6 0 1 0 0 =1
0 7 0 0 0 0 0 =2160
0 7 0 0 0 0 1 =15
0 7 0 0 0 0 2 =1
0 7 0 0 0 1 0 =78
0 7 0 0 0 2 0 =1
0 7 0 0 1 0 0 =14
0 7 0 1 0 0 0 =14
0 7 0 2 0 0 0 =1
0 7 1 0 0 0 0 =567
0 7 1 0 0 0 1 =20
0 7 1 0 0 1 0 =10
0 7 1 0 0 1 1 =1
0 7 1 0 1 0 0 =18
0 7 1 1 0 0 0 =21
0 7 1 2 0 0 0 =1
0 7 2 0 0 0 0 =1226
0 7 2 0 0 0 1 =33
0 7 2 0 0 1 0 =14
0 7 2 0 0 2 0 =1
0 7 2 0 1 0 0 =28
0 7 2 1 0 0 0 =35
0 7 3 0 0 0 0 =71
0 7 3 0 0 0 1 =2
0 7 3 0 1 0 0 =3
0 7 3 1 0 0 0 =4
0 7 4 0 0 0 0 =1
0 7 5 0 0 0 0 =1
0 8 0 0 0 0 0 =476
0 8 0 0 0 0 1 =1
0 8 0 0 0 1 0 =10
0 8 0 0 0 2 0 =1
0 8 0 0 1 0 0 =1
0 8 0 1 0 0 0 =5
0 8 1 0 0 0 0 =207
0 8 1 0 0 0 1 =5
0 8 1 0 0 1 0 =2
0 8 1 0 1 0 0 =10
0 8 1 1 0 0 0 =6
0 8 2 0 0 0 0 =368
0 8 2 0 0 0 1 =11
0 8 2 0 0 1 0 =5
0 8 2 0 1 0 0 =18
0 8 2 0 1 0 1 =1
0 8 2 1 0 0 0 =8
0 8 3 0 0 0 0 =17
0 8 3 0 0 0 1 =1
0 8 3 0 1 0 0 =1
0 8 4 1 0 0 0 =1
0 9 0 0 0 0 0 =105
0 9 0 0 0 1 0 =2
0 9 1 0 0 0 0 =57
0 9 1 0 0 0 1 =2
0 9 1 0 0 1 0 =2
0 9 1 0 1 0 0 =3
0 9 1 1 0 0 0 =2
0 9 2 0 0 0 0 =92
0 9 2 0 0 0 1 =2
0 9 2 0 1 0 0 =3
0 9 2 1 0 0 0 =3
0 9 3 0 0 0 0 =2
1 0 0 0 0 0 0 =162
1 0 0 0 0 0 1 =41
1 0 0 0 0 0 2 =1
1 0 0 0 0 1 0 =54
1 0 0 0 0 1 1 =2
1 0 0 0 1 0 0 =44
1 0 0 0 1 0 1 =1
1 0 0 0 1 1 0 =3
1 0 0 1 0 0 0 =31
1 0 0 1 0 1 0 =1
1 0 0 2 0 0 0 =3
1 0 1 0 0 0 0 =53
1 0 1 0 0 0 1 =2
1 0 1 0 1 0 0 =4
1 0 1 0 1 0 1 =2
1 0 1 1 0 0 0 =5
1 0 1 1 0 0 1 =3
1 0 1 1 1 0 0 =1
1 0 2 0 0 0 0 =17
1 0 2 0 0 0 1 =9
1 0 2 0 0 0 2 =1
1 0 2 0 1 0 0 =6
1 0 2 0 1 0 1 =3
1 0 2 0 1 1 0 =1
1 0 2 0 2 0 0 =3
1 0 2 1 0 0 0 =7
1 0 2 1 0 0 1 =4
1 0 2 1 1 0 0 =4
1 0 2 2 0 0 0 =3
1 0 3 0 0 0 0 =3
1 1 0 0 0 0 0 =2452
1 1 0 0 0 0 1 =332
1 1 0 0 0 1 0 =60
1 1 0 0 0 1 1 =5
1 1 0 0 1 0 0 =318
1 1 0 0 1 0 1 =1
1 1 0 0 1 1 0 =6
1 1 0 1 0 0 0 =277
1 1 0 1 0 0 1 =1
1 1 0 1 0 1 0 =6
1 1 0 1 1 0 0 =1
1 1 0 2 0 0 0 =1
1 1 1 0 0 0 0 =143
1 1 1 0 0 0 1 =28
1 1 1 0 0 0 2 =1
1 1 1 0 0 1 1 =1
1 1 1 0 1 0 0 =18
1 1 1 0 1 0 1 =3
1 1 1 0 1 1 0 =1
1 1 1 0 2 0 0 =3
1 1 1 1 0 0 0 =21
1 1 1 1 0 0 1 =4
1 1 1 1 1 0 0 =4
1 1 2 0 0 0 0 =62
1 1 2 0 0 0 1 =26
1 1 2 0 0 0 2 =7
1 1 2 0 0 1 0 =1
1 1 2 0 0 1 1 =1
1 1 2 0 1 0 0 =24
1 1 2 0 1 0 1 =4
1 1 2 0 1 1 0 =1
1 1 2 0 2 0 0 =1
1 1 2 1 0 0 0 =25
1 1 2 1 0 0 1 =5
1 1 2 1 0 1 0 =1
1 1 2 1 0 1 1 =1
1 1 2 1 1 0 0 =7
1 1 2 2 0 0 0 =3
1 1 3 0 0 0 0 =1
1 1 3 0 0 0 1 =1
1 1 3 0 1 0 0 =1
1 1 3 1 0 0 0 =1
1 1 4 1 0 0 0 =1
1 1 4 1 1 0 0 =1
1 2 0 0 0 0 0 =2438
1 2 0 0 0 0 1 =299
1 2 0 0 0 0 2 =1
1 2 0 0 0 1 0 =41
1 2 0 0 0 1 1 =9
1 2 0 0 0 2 0 =1
1 2 0 0 1 0 0 =293
1 2 0 0 1 0 1 =1
1 2 0 0 1 1 0 =7
1 2 0 1 0 0 0 =341
1 2 0 1 0 1 0 =8
1 2 1 0 0 0 0 =115
1 2 1 0 0 0 1 =37
1 2 1 0 0 0 2 =2
1 2 1 0 0 1 0 =4
1 2 1 0 1 0 0 =34
1 2 1 0 1 0 1 =2
1 2 1 0 1 1 0 =1
1 2 1 0 2 0 0 =3
1 2 1 1 0 0 0 =35
1 2 1 1 0 0 1 =2
1 2 1 1 1 0 0 =2
1 2 2 0 0 0 0 =109
1 2 2 0 0 0 1 =59
1 2 2 0 0 0 2 =4
1 2 2 0 0 1 0 =1
1 2 2 0 0 1 1 =1
1 2 2 0 1 0 0 =54
1 2 2 0 1 0 1 =11
1 2 2 0 1 1 1 =1
1 2 2 0 2 0 0 =1
1 2 2 1 0 0 0 =50
1 2 2 1 0 0 1 =2
1 2 2 1 1 0 0 =7
1 2 2 1 1 1 0 =1
1 2 2 2 0 0 0 =2
1 2 3 0 0 0 0 =8
1 2 3 0 0 0 1 =7
1 2 3 0 1 0 0 =5
1 2 3 0 1 0 1 =1
1 2 3 1 0 0 0 =2
1 2 3 2 0 0 0 =1
1 2 4 0 0 0 1 =1
1 3 0 0 0 0 0 =1348
1 3 0 0 0 0 1 =178
1 3 0 0 0 1 0 =25
1 3 0 0 0 1 1 =4
1 3 0 0 1 0 0 =179
1 3 0 0 1 1 0 =8
1 3 0 1 0 0 0 =168
1 3 0 1 0 1 0 =4
1 3 1 0 0 0 0 =93
1 3 1 0 0 0 1 =36
1 3 1 0 0 0 2 =1
1 3 1 0 0 1 0 =2
1 3 1 0 1 0 0 =36
1 3 1 0 1 0 1 =1
1 3 1 0 1 1 0 =2
1 3 1 0 2 0 0 =1
1 3 1 1 0 0 0 =34
1 3 1 1 1 0 0 =1
1 3 1 2 0 0 0 =1
1 3 1 3 0 0 0 =1
1 3 2 0 0 0 0 =96
1 3 2 0 0 0 1 =54
1 3 2 0 0 0 2 =1
1 3 2 0 0 1 0 =2
1 3 2 0 1 0 0 =46
1 3 2 0 1 0 1 =2
1 3 2 0 2 0 0 =2
1 3 2 1 0 0 0 =48
1 3 2 1 0 0 1 =3
1 3 2 1 0 1 0 =3
1 3 2 1 1 0 0 =4
1 3 2 2 0 0 0 =6
1 3 3 0 0 0 0 =5
1 3 3 0 0 0 1 =5
1 3 3 0 1 0 0 =5
1 3 3 1 0 0 0 =1
1 3 4 0 0 0 1 =1
1 3 4 1 0 0 0 =2
1 4 0 0 0 0 0 =472
1 4 0 0 0 0 1 =66
1 4 0 0 0 1 0 =8
1 4 0 0 1 0 0 =98
1 4 0 0 1 1 0 =3
1 4 0 1 0 0 0 =73
1 4 0 1 1 0 0 =1
1 4 1 0 0 0 0 =46
1 4 1 0 0 0 1 =25
1 4 1 0 0 1 0 =1
1 4 1 0 0 1 1 =1
1 4 1 0 1 0 0 =21
1 4 1 0 2 0 0 =2
1 4 1 1 0 0 0 =15
1 4 1 1 0 0 1 =2
1 4 1 1 0 1 0 =1
1 4 1 2 0 0 0 =1
1 4 2 0 0 0 0 =54
1 4 2 0 0 0 1 =31
1 4 2 0 0 0 2 =1
1 4 2 0 0 1 0 =2
1 4 2 0 1 0 0 =30
1 4 2 0 1 0 1 =5
1 4 2 0 2 0 0 =2
1 4 2 1 0 0 0 =26
1 4 2 1 0 0 1 =6
1 4 2 1 1 0 0 =1
1 4 2 2 0 0 0 =2
1 4 3 0 0 0 0 =5
1 4 3 0 0 0 1 =3
1 4 3 0 0 1 1 =1
1 4 3 0 1 0 0 =2
1 4 3 0 1 0 1 =1
1 4 5 1 0 0 0 =1
1 5 0 0 0 0 0 =139
1 5 0 0 0 0 1 =15
1 5 0 0 0 1 0 =2
1 5 0 0 1 0 0 =24
1 5 0 1 0 0 0 =26
1 5 0 1 0 1 0 =1
1 5 1 0 0 0 0 =18
1 5 1 0 0 0 1 =13
1 5 1 0 0 1 1 =1
1 5 1 0 1 0 0 =12
1 5 1 1 0 0 0 =8
1 5 2 0 0 0 0 =39
1 5 2 0 0 0 1 =17
1 5 2 0 1 0 0 =16
1 5 2 0 2 0 0 =1
1 5 2 1 0 0 0 =13
1 5 2 1 1 0 0 =1
1 5 3 0 0 0 0 =1
1 5 3 1 0 0 0 =1
1 6 0 0 0 0 0 =42
1 6 0 0 0 0 1 =4
1 6 0 0 0 1 0 =2
1 6 0 0 1 0 0 =11
1 6 0 0 1 2 0 =1
1 6 0 1 0 0 0 =6
1 6 0 1 0 1 0 =1
1 6 1 0 0 0 0 =9
1 6 1 0 0 0 1 =4
1 6 1 0 1 0 0 =5
1 6 1 1 0 0 0 =6
1 6 2 0 0 0 0 =16
1 6 2 0 0 0 1 =7
1 6 2 0 0 1 0 =1
1 6 2 0 1 0 0 =4
1 6 2 0 1 1 0 =1
1 6 2 1 0 0 0 =7
1 6 2 1 0 1 0 =2
1 6 3 0 0 0 0 =1
1 7 0 0 0 0 0 =12
1 7 0 0 0 0 1 =1
1 7 0 0 1 0 0 =2
1 7 0 1 0 0 0 =2
1 7 1 0 0 0 0 =4
1 7 1 0 0 0 1 =4
1 7 1 1 0 0 0 =2
1 7 2 0 0 0 0 =2
1 7 2 0 0 0 1 =3
1 7 2 0 0 1 1 =1
1 7 2 0 1 0 0 =3
1 7 2 0 1 1 0 =1
1 7 2 0 2 0 0 =1
1 7 2 1 0 0 0 =2
1 7 3 0 0 0 0 =1
1 7 3 0 0 1 0 =1
1 7 3 0 1 0 0 =1
1 8 0 0 0 0 0 =4
1 8 0 0 0 0 1 =1
1 8 0 0 1 0 0 =1
1 8 0 1 0 0 0 =1
1 8 1 0 0 0 0 =1
1 8 1 0 0 0 1 =1
1 8 1 0 1 0 0 =1
1 8 1 1 0 0 0 =1
1 8 2 0 0 0 1 =4
1 8 2 0 2 0 0 =1
1 8 2 1 0 0 0 =1
1 8 4 0 0 0 0 =1
1 9 0 0 0 0 0 =1
1 9 0 1 0 0 0 =1
