0 0 0 0 0 0 0 =15891
0 0 0 0 0 0 1 =3401
0 0 0 0 0 0 2 =150
0 0 0 0 0 0 3 =2
0 0 0 0 0 1 0 =13250
0 0 0 0 0 1 1 =70
0 0 0 0 0 1 2 =17
0 0 0 0 0 2 0 =203
0 0 0 0 0 2 1 =1
0 0 0 0 0 3 0 =1
0 0 0 0 1 0 0 =3467
0 0 0 0 1 0 1 =22
0 0 0 0 1 0 2 =1
0 0 0 0 1 1 0 =71
0 0 0 0 1 1 1 =2
0 0 0 0 2 0 0 =462
0 0 0 0 2 0 1 =1
0 0 0 0 2 1 0 =12
0 0 0 0 3 0 0 =1
0 0 0 1 0 0 0 =3386
0 0 0 1 0 0 1 =26
0 0 0 1 0 1 0 =70
0 0 0 1 0 1 1 =2
0 0 0 1 0 2 0 =1
0 0 0 1 1 0 0 =35
0 0 0 1 1 0 1 =1
0 0 0 2 0 0 0 =473
0 0 0 2 0 0 1 =2
0 0 0 2 0 1 0 =9
0 0 0 2 0 2 0 =1
0 0 0 2 1 0 0 =1
0 0 0 3 0 0 0 =1
0 0 1 0 0 0 0 =2540
0 0 1 0 0 0 1 =384
0 0 1 0 0 0 2 =174
0 0 1 0 0 0 3 =1
0 0 1 0 0 1 0 =1911
0 0 1 0 0 1 1 =11
0 0 1 0 0 1 2 =1
0 0 1 0 0 2 0 =6
0 0 1 0 1 0 0 =400
0 0 1 0 1 0 1 =127
0 0 1 0 1 0 2 =2
0 0 1 0 1 1 0 =6
0 0 1 0 1 1 1 =1
0 0 1 0 2 0 0 =174
0 0 1 0 2 1 0 =1
0 0 1 0 3 0 0 =1
0 0 1 1 0 0 0 =408
0 0 1 1 0 0 1 =114
0 0 1 1 0 0 2 =2
0 0 1 1 0 1 0 =9
0 0 1 1 0 1 1 =2
0 0 1 1 1 0 0 =125
0 0 1 1 1 0 1 =3
0 0 1 1 1 1 0 =2
0 0 1 1 2 0 0 =4
0 0 1 2 0 0 0 =155
0 0 1 2 0 0 1 =1
0 0 1 2 0 1 0 =3
0 0 1 2 1 0 0 =1
0 0 2 0 0 0 0 =1642
0 0 2 0 0 0 1 =424
0 0 2 0 0 0 2 =232
0 0 2 0 0 1 0 =557
0 0 2 0 0 1 1 =11
0 0 2 0 0 1 2 =4
0 0 2 0 0 2 0 =2
0 0 2 0 1 0 0 =434
0 0 2 0 1 0 1 =319
0 0 2 0 1 0 2 =3
0 0 2 0 1 1 0 =15
0 0 2 0 1 1 1 =6
0 0 2 0 2 0 0 =206
0 0 2 0 2 0 1 =1
0 0 2 0 2 1 0 =3
0 0 2 1 0 0 0 =426
0 0 2 1 0 0 1 =368
0 0 2 1 0 0 2 =1
0 0 2 1 0 1 0 =12
0 0 2 1 0 1 1 =7
0 0 2 1 1 0 0 =330
0 0 2 1 1 0 1 =2
0 0 2 1 1 1 0 =5
0 0 2 1 2 0 0 =2
0 0 2 2 0 0 0 =180
0 0 2 2 0 1 0 =4
0 0 2 2 1 0 0 =2
0 0 2 3 0 0 0 =2
0 0 3 0 0 0 0 =420
0 0 3 0 0 0 1 =27
0 0 3 0 0 0 2 =11
0 0 3 0 0 1 0 =33
0 0 3 0 0 1 1 =3
0 0 3 0 1 0 0 =28
0 0 3 0 1 0 1 =23
0 0 3 0 2 0 0 =14
0 0 3 1 0 0 0 =27
0 0 3 1 0 0 1 =17
0 0 3 1 1 0 0 =19
0 0 3 2 0 0 0 =14
0 0 4 0 0 0 0 =103
0 0 4 0 0 0 1 =4
0 0 4 0 0 0 2 =1
0 0 4 0 0 1 0 =1
0 0 4 0 0 1 1 =1
0 0 4 0 2 0 0 =2
0 0 4 1 0 0 0 =7
0 0 4 1 0 0 1 =5
0 0 4 2 0 0 0 =1
0 0 5 0 0 0 0 =9
0 0 5 1 1 0 0 =1
0 0 6 0 0 0 0 =1
0 1 0 0 0 0 0 =80390
0 1 0 0 0 0 1 =18840
0 1 0 0 0 0 2 =1950
0 1 0 0 0 0 3 =1
0 1 0 0 0 1 0 =85143
0 1 0 0 0 1 1 =303
0 1 0 0 0 1 2 =43
0 1 0 0 0 2 0 =542
0 1 0 0 0 2 1 =1
0 1 0 0 0 3 0 =1
0 1 0 0 1 0 0 =18642
0 1 0 0 1 0 1 =27
0 1 0 0 1 0 2 =2
0 1 0 0 1 1 0 =275
0 1 0 0 1 1 1 =1
0 1 0 0 1 2 0 =1
0 1 0 0 2 0 0 =1908
0 1 0 0 2 0 1 =1
0 1 0 0 2 1 0 =31
0 1 0 0 2 2 0 =1
0 1 0 1 0 0 0 =17999
0 1 0 1 0 0 1 =30
0 1 0 1 0 1 0 =259
0 1 0 1 0 2 0 =1
0 1 0 1 1 0 0 =22
0 1 0 1 2 0 0 =1
0 1 0 2 0 0 0 =1712
0 1 0 2 0 1 0 =39
0 1 0 2 2 0 0 =2
0 1 0 3 0 0 0 =1
0 1 1 0 0 0 0 =8821
0 1 1 0 0 0 1 =1040
0 1 1 0 0 0 2 =133
0 1 1 0 0 1 0 =1698
0 1 1 0 0 1 1 =21
0 1 1 0 0 1 2 =4
0 1 1 0 0 2 0 =6
0 1 1 0 1 0 0 =1065
0 1 1 0 1 0 1 =117
0 1 1 0 1 0 2 =2
0 1 1 0 1 1 0 =19
0 1 1 0 1 1 1 =3
0 1 1 0 2 0 0 =126
0 1 1 0 2 0 1 =1
0 1 1 0 2 1 0 =2
0 1 1 0 3 0 0 =1
0 1 1 1 0 0 0 =1009
0 1 1 1 0 0 1 =141
0 1 1 1 0 1 0 =28
0 1 1 1 0 1 1 =1
0 1 1 1 0 2 1 =1
0 1 1 1 1 0 0 =120
0 1 1 1 1 1 0 =2
0 1 1 1 2 0 0 =2
0 1 1 2 0 0 0 =96
0 1 1 2 0 0 1 =1
0 1 1 2 0 1 0 =2
0 1 1 2 0 1 2 =1
0 1 1 2 1 0 0 =3
0 1 2 0 0 0 0 =7792
0 1 2 0 0 0 1 =1542
0 1 2 0 0 0 2 =170
0 1 2 0 0 1 0 =437
0 1 2 0 0 1 1 =30
0 1 2 0 0 1 2 =4
0 1 2 0 0 2 0 =4
0 1 2 0 1 0 0 =1490
0 1 2 0 1 0 1 =337
0 1 2 0 1 0 2 =2
0 1 2 0 1 1 0 =42
0 1 2 0 1 1 1 =9
0 1 2 0 2 0 0 =186
0 1 2 0 2 0 1 =3
0 1 2 0 2 1 0 =3
0 1 2 0 3 0 0 =1
0 1 2 1 0 0 0 =1441
0 1 2 1 0 0 1 =314
0 1 2 1 0 0 2 =2
0 1 2 1 0 1 0 =25
0 1 2 1 0 1 1 =4
0 1 2 1 0 2 0 =1
0 1 2 1 1 0 0 =290
0 1 2 1 1 0 1 =3
0 1 2 1 1 1 0 =3
0 1 2 1 2 0 0 =1
0 1 2 2 0 0 0 =152
0 1 2 2 0 0 1 =2
0 1 2 2 0 1 0 =3
0 1 2 2 1 0 0 =1
0 1 3 0 0 0 0 =588
0 1 3 0 0 0 1 =107
0 1 3 0 0 0 2 =14
0 1 3 0 0 1 0 =21
0 1 3 0 0 1 1 =1
0 1 3 0 1 0 0 =92
0 1 3 0 1 0 1 =34
0 1 3 0 1 0 2 =1
0 1 3 0 1 1 0 =2
0 1 3 0 1 1 1 =1
0 1 3 0 2 0 0 =12
0 1 3 1 0 0 0 =98
0 1 3 1 0 0 1 =19
0 1 3 1 0 1 0 =1
0 1 3 1 1 0 0 =19
0 1 3 1 1 0 1 =1
0 1 3 2 0 0 0 =12
0 1 3 2 1 0 0 =1
0 1 4 0 0 0 0 =99
0 1 4 0 0 0 1 =11
0 1 4 0 0 0 2 =1
0 1 4 0 0 1 0 =1
0 1 4 0 1 0 0 =4
0 1 4 0 1 0 1 =4
0 1 4 0 2 0 0 =1
0 1 4 1 0 0 0 =6
0 1 4 1 1 0 0 =1
0 1 5 0 0 0 0 =5
0 1 5 0 0 0 1 =1
0 1 5 0 0 1 0 =1
0 1 5 0 1 0 0 =1
0 1 5 0 1 0 1 =1
0 1 6 0 0 0 0 =1
0 10 0 0 0 0 0 =22
0 10 0 0 1 0 0 =1
0 10 0 1 0 0 0 =1
0 10 1 0 0 0 0 =14
0 10 1 0 0 0 1 =1
0 10 1 0 1 1 0 =1
0 10 1 1 0 0 0 =1
0 10 2 0 0 0 0 =43
0 10 3 0 0 0 0 =2
0 11 0 0 0 0 0 =3
0 11 1 0 0 0 0 =5
0 11 2 0 0 0 0 =7
0 11 2 0 1 0 0 =1
0 11 3 0 0 0 0 =1
0 12 1 0 0 0 0 =1
0 12 2 0 1 0 0 =1
0 2 0 0 0 0 0 =131464
0 2 0 0 0 0 1 =11892
0 2 0 0 0 0 2 =1147
0 2 0 0 0 1 0 =52487
0 2 0 0 0 1 1 =167
0 2 0 0 0 1 2 =25
0 2 0 0 0 2 0 =309
0 2 0 0 0 2 1 =2
0 2 0 0 0 2 2 =1
0 2 0 0 0 3 0 =1
0 2 0 0 1 0 0 =12061
0 2 0 0 1 0 1 =16
0 2 0 0 1 1 0 =206
0 2 0 0 1 1 1 =1
0 2 0 0 1 2 0 =2
0 2 0 0 2 0 0 =1181
0 2 0 0 2 0 1 =2
0 2 0 0 2 0 2 =1
0 2 0 0 2 1 0 =13
0 2 0 1 0 0 0 =11760
0 2 0 1 0 0 1 =10
0 2 0 1 0 1 0 =175
0 2 0 1 0 2 0 =1
0 2 0 1 1 0 0 =18
0 2 0 2 0 0 0 =1048
0 2 0 2 0 1 0 =17
0 2 1 0 0 0 0 =10257
0 2 1 0 0 0 1 =1318
0 2 1 0 0 0 2 =74
0 2 1 0 0 1 0 =802
0 2 1 0 0 1 1 =21
0 2 1 0 0 2 0 =3
0 2 1 0 1 0 0 =1354
0 2 1 0 1 0 1 =72
0 2 1 0 1 1 0 =17
0 2 1 0 1 1 1 =1
0 2 1 0 2 0 0 =68
0 2 1 0 3 0 0 =1
0 2 1 1 0 0 0 =1305
0 2 1 1 0 0 1 =75
0 2 1 1 0 0 2 =2
0 2 1 1 0 1 0 =21
0 2 1 1 0 1 1 =2
0 2 1 1 1 0 0 =74
0 2 1 1 1 0 1 =2
0 2 1 1 1 1 0 =1
0 2 1 2 0 0 0 =58
0 2 1 2 0 0 1 =1
0 2 2 0 0 0 0 =9554
0 2 2 0 0 0 1 =2769
0 2 2 0 0 0 2 =85
0 2 2 0 0 1 0 =279
0 2 2 0 0 1 1 =48
0 2 2 0 0 1 2 =1
0 2 2 0 0 2 0 =2
0 2 2 0 1 0 0 =2817
0 2 2 0 1 0 1 =186
0 2 2 0 1 0 2 =1
0 2 2 0 1 1 0 =34
0 2 2 0 1 1 1 =2
0 2 2 0 1 2 0 =1
0 2 2 0 2 0 0 =112
0 2 2 0 2 0 1 =1
0 2 2 0 2 1 0 =2
0 2 2 0 3 0 0 =2
0 2 2 1 0 0 0 =2525
0 2 2 1 0 0 1 =185
0 2 2 1 0 0 2 =1
0 2 2 1 0 1 0 =52
0 2 2 1 0 1 1 =3
0 2 2 1 1 0 0 =182
0 2 2 1 1 0 1 =3
0 2 2 1 1 1 0 =4
0 2 2 2 0 0 0 =79
0 2 2 2 0 1 0 =2
0 2 3 0 0 0 0 =616
0 2 3 0 0 0 1 =166
0 2 3 0 0 0 2 =3
0 2 3 0 0 1 0 =16
0 2 3 0 0 1 1 =6
0 2 3 0 1 0 0 =178
0 2 3 0 1 0 1 =18
0 2 3 0 1 1 0 =2
0 2 3 0 2 0 0 =5
0 2 3 1 0 0 0 =151
0 2 3 1 0 0 1 =11
0 2 3 1 0 1 0 =3
0 2 3 1 1 0 0 =14
0 2 3 2 0 0 0 =4
0 2 4 0 0 0 0 =61
0 2 4 0 0 0 1 =9
0 2 4 0 0 0 2 =1
0 2 4 0 0 1 1 =1
0 2 4 0 1 0 0 =10
0 2 4 0 2 0 0 =2
0 2 4 1 0 0 0 =16
0 2 4 1 2 0 0 =1
0 2 5 0 0 0 0 =2
0 2 5 0 0 0 1 =2
0 2 5 1 0 0 0 =1
0 2 6 0 0 0 0 =2
0 3 0 0 0 0 0 =157013
0 3 0 0 0 0 1 =4222
0 3 0 0 0 0 2 =427
0 3 0 0 0 1 0 =18791
0 3 0 0 0 1 1 =79
0 3 0 0 0 1 2 =9
0 3 0 0 0 2 0 =110
0 3 0 0 1 0 0 =4227
0 3 0 0 1 0 1 =5
0 3 0 0 1 1 0 =86
0 3 0 0 2 0 0 =427
0 3 0 0 2 1 0 =9
0 3 0 1 0 0 0 =4129
0 3 0 1 0 0 1 =4
0 3 0 1 0 1 0 =75
0 3 0 1 1 0 0 =7
0 3 0 2 0 0 0 =372
0 3 0 2 0 1 0 =2
0 3 0 2 1 0 0 =1
0 3 1 0 0 0 0 =8809
0 3 1 0 0 0 1 =935
0 3 1 0 0 0 2 =25
0 3 1 0 0 1 0 =326
0 3 1 0 0 1 1 =19
0 3 1 0 0 1 2 =1
0 3 1 0 0 2 0 =3
0 3 1 0 1 0 0 =898
0 3 1 0 1 0 1 =34
0 3 1 0 1 1 0 =8
0 3 1 0 2 0 0 =32
0 3 1 1 0 0 0 =897
0 3 1 1 0 0 1 =27
0 3 1 1 0 1 0 =26
0 3 1 1 0 1 1 =2
0 3 1 1 1 0 0 =28
0 3 1 1 1 0 1 =1
0 3 1 1 1 1 0 =1
0 3 1 1 2 0 0 =2
0 3 1 2 0 0 0 =27
0 3 2 0 0 0 0 =10940
0 3 2 0 0 0 1 =2094
0 3 2 0 0 0 2 =44
0 3 2 0 0 1 0 =161
0 3 2 0 0 1 1 =25
0 3 2 0 0 2 0 =2
0 3 2 0 1 0 0 =1979
0 3 2 0 1 0 1 =76
0 3 2 0 1 1 0 =29
0 3 2 0 1 2 0 =1
0 3 2 0 2 0 0 =52
0 3 2 1 0 0 0 =1951
0 3 2 1 0 0 1 =69
0 3 2 1 0 1 0 =28
0 3 2 1 0 1 1 =1
0 3 2 1 1 0 0 =68
0 3 2 1 1 1 0 =1
0 3 2 2 0 0 0 =49
0 3 3 0 0 0 0 =730
0 3 3 0 0 0 1 =125
0 3 3 0 0 0 2 =5
0 3 3 0 0 1 0 =12
0 3 3 0 0 1 1 =4
0 3 3 0 0 1 2 =1
0 3 3 0 1 0 0 =128
0 3 3 0 1 0 1 =2
0 3 3 0 1 1 0 =3
0 3 3 0 2 0 0 =2
0 3 3 1 0 0 0 =123
0 3 3 1 0 0 1 =6
0 3 3 1 0 1 0 =1
0 3 3 1 1 0 0 =6
0 3 3 2 0 0 0 =3
0 3 4 0 0 0 0 =55
0 3 4 0 0 0 1 =12
0 3 4 0 0 1 0 =1
0 3 4 0 1 0 0 =8
0 3 4 1 0 0 0 =15
0 3 4 1 0 0 1 =1
0 3 5 0 0 0 0 =3
0 3 5 0 1 0 0 =1
0 3 5 0 1 0 1 =1
0 3 5 1 0 0 0 =1
0 4 0 0 0 0 0 =87782
0 4 0 0 0 0 1 =1196
0 4 0 0 0 0 2 =126
0 4 0 0 0 1 0 =5335
0 4 0 0 0 1 1 =26
0 4 0 0 0 1 2 =2
0 4 0 0 0 2 0 =34
0 4 0 0 1 0 0 =1152
0 4 0 0 1 0 2 =1
0 4 0 0 1 1 0 =17
0 4 0 0 2 0 0 =107
0 4 0 0 2 1 0 =1
0 4 0 1 0 0 0 =1209
0 4 0 1 0 0 1 =4
0 4 0 1 0 1 0 =17
0 4 0 1 1 0 0 =1
0 4 0 2 0 0 0 =115
0 4 0 2 0 1 0 =3
0 4 1 0 0 0 0 =6349
0 4 1 0 0 0 1 =511
0 4 1 0 0 0 2 =4
0 4 1 0 0 1 0 =140
0 4 1 0 0 1 1 =6
0 4 1 0 0 2 0 =3
0 4 1 0 1 0 0 =464
0 4 1 0 1 0 1 =12
0 4 1 0 1 1 0 =7
0 4 1 0 2 0 0 =6
0 4 1 1 0 0 0 =434
0 4 1 1 0 0 1 =13
0 4 1 1 0 1 0 =7
0 4 1 1 0 1 1 =1
0 4 1 1 1 0 0 =14
0 4 1 2 0 0 0 =6
0 4 2 0 0 0 0 =10643
0 4 2 0 0 0 1 =1045
0 4 2 0 0 0 2 =14
0 4 2 0 0 1 0 =157
0 4 2 0 0 1 1 =7
0 4 2 0 0 2 0 =1
0 4 2 0 1 0 0 =1017
0 4 2 0 1 0 1 =26
0 4 2 0 1 1 0 =22
0 4 2 0 1 1 1 =2
0 4 2 0 2 0 0 =13
0 4 2 1 0 0 0 =1066
0 4 2 1 0 0 1 =24
0 4 2 1 0 1 0 =11
0 4 2 1 0 1 1 =1
0 4 2 1 1 0 0 =31
0 4 2 1 1 0 1 =1
0 4 2 2 0 0 0 =11
0 4 2 2 0 1 0 =1
0 4 3 0 0 0 0 =648
0 4 3 0 0 0 1 =64
0 4 3 0 0 0 2 =3
0 4 3 0 0 1 0 =7
0 4 3 0 1 0 0 =60
0 4 3 0 1 0 1 =2
0 4 3 1 0 0 0 =70
0 4 3 1 0 1 0 =1
0 4 3 1 1 0 0 =2
0 4 4 0 0 0 0 =51
0 4 4 0 0 0 1 =3
0 4 4 0 0 1 0 =1
0 4 4 0 1 0 0 =3
0 4 4 1 0 0 0 =7
0 4 5 0 0 0 0 =8
0 4 5 0 1 0 0 =1
0 4 5 1 0 0 0 =1
0 4 6 0 0 0 0 =1
0 5 0 0 0 0 0 =31754
0 5 0 0 0 0 1 =242
0 5 0 0 0 0 2 =25
0 5 0 0 0 1 0 =1260
0 5 0 0 0 1 1 =3
0 5 0 0 0 1 2 =1
0 5 0 0 0 2 0 =9
0 5 0 0 1 0 0 =290
0 5 0 0 1 1 0 =7
0 5 0 0 2 0 0 =23
0 5 0 0 2 1 0 =1
0 5 0 1 0 0 0 =312
0 5 0 1 0 0 1 =1
0 5 0 1 0 1 0 =5
0 5 0 1 0 2 0 =1
0 5 0 1 1 0 0 =1
0 5 0 2 0 0 0 =25
0 5 0 2 0 1 0 =1
0 5 1 0 0 0 0 =3608
0 5 1 0 0 0 1 =164
0 5 1 0 0 0 2 =2
0 5 1 0 0 1 0 =63
0 5 1 0 0 1 1 =2
0 5 1 0 1 0 0 =191
0 5 1 0 1 0 1 =6
0 5 1 0 1 1 0 =6
0 5 1 0 2 0 0 =3
0 5 1 1 0 0 0 =171
0 5 1 1 0 0 1 =3
0 5 1 1 0 1 0 =4
0 5 1 1 1 0 0 =6
0 5 1 2 0 0 0 =1
0 5 2 0 0 0 0 =6815
0 5 2 0 0 0 1 =376
0 5 2 0 0 0 2 =8
0 5 2 0 0 1 0 =73
0 5 2 0 0 1 1 =6
0 5 2 0 0 1 2 =1
0 5 2 0 1 0 0 =393
0 5 2 0 1 0 1 =7
0 5 2 0 1 1 0 =5
0 5 2 0 1 1 1 =1
0 5 2 0 2 0 0 =7
0 5 2 1 0 0 0 =375
0 5 2 1 0 0 1 =4
0 5 2 1 0 1 0 =7
0 5 2 1 1 0 0 =11
0 5 2 2 0 0 0 =2
0 5 3 0 0 0 0 =417
0 5 3 0 0 0 1 =31
0 5 3 0 0 1 0 =3
0 5 3 0 1 0 0 =23
0 5 3 1 0 0 0 =21
0 5 3 1 0 1 0 =1
0 5 4 0 0 0 0 =48
0 5 4 0 0 0 1 =1
0 5 4 0 1 0 0 =1
0 5 4 2 0 0 0 =1
0 5 5 0 0 0 0 =2
0 6 0 0 0 0 0 =8809
0 6 0 0 0 0 1 =70
0 6 0 0 0 0 2 =6
0 6 0 0 0 1 0 =282
0 6 0 0 0 1 1 =1
0 6 0 0 0 1 2 =1
0 6 0 0 0 2 0 =4
0 6 0 0 1 0 0 =62
0 6 0 0 2 0 0 =5
0 6 0 1 0 0 0 =59
0 6 0 1 0 1 0 =2
0 6 0 2 0 0 0 =5
0 6 1 0 0 0 0 =1633
0 6 1 0 0 0 1 =51
0 6 1 0 0 1 0 =15
0 6 1 0 0 1 1 =2
0 6 1 0 1 0 0 =55
0 6 1 0 1 0 1 =1
0 6 1 0 1 1 0 =2
0 6 1 0 2 0 0 =2
0 6 1 1 0 0 0 =51
0 6 1 1 0 1 0 =2
0 6 1 1 1 0 0 =1
0 6 2 0 0 0 0 =3207
0 6 2 0 0 0 1 =142
0 6 2 0 0 0 2 =2
0 6 2 0 0 1 0 =50
0 6 2 0 0 1 1 =3
0 6 2 0 1 0 0 =147
0 6 2 0 1 0 1 =2
0 6 2 0 1 1 0 =3
0 6 2 1 0 0 0 =145
0 6 2 1 0 0 1 =2
0 6 2 1 0 1 0 =4
0 6 2 1 1 0 0 =3
0 6 2 2 0 0 0 =1
0 6 3 0 0 0 0 =181
0 6 3 0 0 0 1 =9
0 6 3 0 0 1 0 =4
0 6 3 0 1 0 0 =8
0 6 3 1 0 0 0 =5
0 6 4 0 0 0 0 =14
0 6 4 0 0 0 1 =1
0 6 4 0 1 0 0 =1
0 6 6 0 0 0 0 =1
0 7 0 0 0 0 0 =2170
0 7 0 0 0 0 1 =8
0 7 0 0 0 1 0 =61
0 7 0 0 1 0 0 =13
0 7 0 0 2 0 0 =5
0 7 0 0 2 1 0 =1
0 7 0 1 0 0 0 =13
0 7 1 0 0 0 0 =595
0 7 1 0 0 0 1 =21
0 7 1 0 0 0 2 =1
0 7 1 0 0 1 0 =7
0 7 1 0 0 1 1 =1
0 7 1 0 1 0 0 =23
0 7 1 0 1 0 1 =1
0 7 1 0 1 1 0 =1
0 7 1 1 0 0 0 =29
0 7 1 1 0 0 1 =1
0 7 2 0 0 0 0 =1208
0 7 2 0 0 0 1 =46
0 7 2 0 0 1 0 =12
0 7 2 0 0 1 1 =1
0 7 2 0 1 0 0 =40
0 7 2 0 1 0 1 =1
0 7 2 0 2 0 0 =2
0 7 2 1 0 0 0 =32
0 7 2 1 1 0 0 =1
0 7 3 0 0 0 0 =60
0 7 3 0 0 0 1 =4
0 7 3 0 1 0 0 =3
0 7 3 1 0 0 0 =6
0 7 4 0 0 0 0 =6
0 7 4 0 1 0 0 =1
0 8 0 0 0 0 0 =471
0 8 0 0 0 0 1 =3
0 8 0 0 0 1 0 =15
0 8 0 0 1 0 0 =1
0 8 0 1 0 0 0 =3
0 8 0 2 0 0 0 =1
0 8 1 0 0 0 0 =221
0 8 1 0 0 0 1 =2
0 8 1 0 0 1 0 =4
0 8 1 0 1 0 0 =6
0 8 1 0 1 0 1 =1
0 8 1 1 0 0 0 =8
0 8 2 0 0 0 0 =397
0 8 2 0 0 0 1 =12
0 8 2 0 0 1 0 =4
0 8 2 0 1 0 0 =14
0 8 2 1 0 0 0 =14
0 8 3 0 0 0 0 =29
0 8 3 0 0 0 1 =1
0 8 3 0 0 1 0 =1
0 9 0 0 0 0 0 =91
0 9 0 0 0 1 0 =2
0 9 0 1 0 0 1 =1
0 9 1 0 0 0 0 =58
0 9 1 0 0 0 1 =2
0 9 1 0 0 1 0 =3
0 9 1 0 1 0 0 =1
0 9 2 0 0 0 0 =102
0 9 2 0 0 0 1 =4
0 9 2 0 0 1 0 =1
0 9 2 0 1 0 0 =1
0 9 2 1 0 0 0 =1
0 9 3 0 0 0 0 =7
0 9 3 0 1 0 0 =1
1 0 0 0 0 0 0 =127
1 0 0 0 0 0 1 =35
1 0 0 0 0 0 2 =3
1 0 0 0 0 1 0 =44
1 0 0 0 0 1 1 =2
1 0 0 0 1 0 0 =43
1 0 0 0 1 0 1 =2
1 0 0 1 0 0 0 =43
1 0 0 2 0 0 0 =1
1 0 1 0 0 0 0 =67
1 0 1 0 0 0 1 =5
1 0 1 0 0 0 2 =1
1 0 1 0 0 1 1 =1
1 0 1 0 1 0 0 =3
1 0 1 0 1 0 1 =2
1 0 1 0 2 0 0 =1
1 0 1 1 0 0 0 =5
1 0 1 1 0 0 1 =2
1 0 1 2 0 0 0 =2
1 0 2 0 0 0 0 =43
1 0 2 0 0 0 1 =11
1 0 2 0 0 0 2 =1
1 0 2 0 0 1 0 =1
1 0 2 0 1 0 0 =4
1 0 2 0 1 0 1 =2
1 0 2 0 2 0 0 =3
1 0 2 1 0 0 0 =4
1 0 2 1 0 0 1 =7
1 0 2 1 1 0 0 =3
1 0 2 2 0 0 0 =1
1 0 3 0 0 0 0 =1
1 0 3 0 1 0 0 =1
1 0 3 1 0 0 0 =1
1 0 3 1 0 0 1 =2
1 0 4 1 0 0 0 =1
1 1 0 0 0 0 0 =2334
1 1 0 0 0 0 1 =362
1 1 0 0 0 0 2 =2
1 1 0 0 0 1 0 =57
1 1 0 0 0 1 1 =9
1 1 0 0 1 0 0 =336
1 1 0 0 1 1 0 =8
1 1 0 0 2 0 0 =1
1 1 0 1 0 0 0 =304
1 1 0 1 0 0 1 =1
1 1 0 1 0 1 0 =5
1 1 0 1 0 2 0 =1
1 1 1 0 0 0 0 =128
1 1 1 0 0 0 1 =20
1 1 1 0 0 0 2 =1
1 1 1 0 0 1 0 =1
1 1 1 0 1 0 0 =14
1 1 1 0 1 0 1 =2
1 1 1 0 2 0 0 =3
1 1 1 1 0 0 0 =11
1 1 1 1 0 0 1 =1
1 1 1 1 0 1 1 =1
1 1 1 1 1 0 0 =3
1 1 1 2 0 0 0 =1
1 1 2 0 0 0 0 =55
1 1 2 0 0 0 1 =25
1 1 2 0 0 0 2 =2
1 1 2 0 0 1 1 =1
1 1 2 0 1 0 0 =24
1 1 2 0 1 0 1 =6
1 1 2 0 1 1 1 =1
1 1 2 0 2 0 0 =2
1 1 2 1 0 0 0 =26
1 1 2 1 0 0 1 =4
1 1 2 1 1 0 0 =5
1 1 2 2 0 0 0 =3
1 1 3 0 0 0 0 =3
1 1 3 0 0 0 1 =3
1 1 3 0 1 0 0 =2
1 1 3 1 0 0 0 =1
1 1 3 2 0 0 0 =1
1 1 4 0 0 0 0 =2
1 10 0 0 0 0 0 =2
1 2 0 0 0 0 0 =2519
1 2 0 0 0 0 1 =310
1 2 0 0 0 0 2 =2
1 2 0 0 0 1 0 =42
1 2 0 0 0 1 1 =9
1 2 0 0 1 0 0 =333
1 2 0 0 1 0 1 =3
1 2 0 0 1 1 0 =6
1 2 0 0 2 0 0 =1
1 2 0 1 0 0 0 =289
1 2 0 1 0 1 0 =4
1 2 0 1 1 0 0 =1
1 2 0 2 0 0 0 =1
1 2 1 0 0 0 0 =121
1 2 1 0 0 0 1 =35
1 2 1 0 0 1 0 =1
1 2 1 0 1 0 0 =29
1 2 1 0 1 0 1 =3
1 2 1 0 1 1 0 =1
1 2 1 0 2 0 0 =2
1 2 1 1 0 0 0 =32
1 2 1 1 0 0 1 =4
1 2 1 1 1 0 0 =4
1 2 1 2 0 1 0 =1
1 2 2 0 0 0 0 =93
1 2 2 0 0 0 1 =51
1 2 2 0 0 0 2 =3
1 2 2 0 0 1 1 =1
1 2 2 0 1 0 0 =54
1 2 2 0 1 0 1 =2
1 2 2 0 1 1 0 =1
1 2 2 0 2 0 0 =4
1 2 2 1 0 0 0 =41
1 2 2 1 0 0 1 =8
1 2 2 1 0 1 0 =3
1 2 2 1 1 0 0 =5
1 2 2 1 1 0 1 =1
1 2 2 2 0 0 0 =3
1 2 3 0 0 0 0 =5
1 2 3 0 0 0 1 =2
1 2 3 0 1 0 0 =4
1 2 3 1 0 0 0 =5
1 2 4 0 0 0 0 =1
1 2 4 0 1 0 0 =1
1 3 0 0 0 0 0 =1402
1 3 0 0 0 0 1 =153
1 3 0 0 0 1 0 =21
1 3 0 0 0 1 1 =4
1 3 0 0 1 0 0 =193
1 3 0 0 2 0 0 =1
1 3 0 1 0 0 0 =186
1 3 0 1 0 1 0 =4
1 3 0 2 0 0 0 =1
1 3 1 0 0 0 0 =80
1 3 1 0 0 0 1 =28
1 3 1 0 0 1 0 =2
1 3 1 0 1 0 0 =30
1 3 1 0 1 0 1 =2
1 3 1 0 2 0 0 =1
1 3 1 1 0 0 0 =24
1 3 1 1 0 0 1 =2
1 3 1 1 0 1 0 =2
1 3 1 1 1 0 0 =1
1 3 2 0 0 0 0 =99
1 3 2 0 0 0 1 =46
1 3 2 0 0 0 2 =2
1 3 2 0 0 1 0 =2
1 3 2 0 1 0 0 =45
1 3 2 0 1 0 1 =1
1 3 2 0 2 0 0 =2
1 3 2 1 0 0 0 =46
1 3 2 1 0 0 1 =6
1 3 2 1 1 0 0 =4
1 3 2 2 0 0 0 =1
1 3 3 0 0 0 0 =6
1 3 3 0 0 0 1 =3
1 3 3 0 0 1 0 =1
1 3 3 1 0 0 0 =4
1 3 3 1 1 0 0 =1
1 3 4 0 0 0 1 =1
1 3 4 0 1 0 0 =1
1 3 4 0 1 0 1 =1
1 4 0 0 0 0 0 =509
1 4 0 0 0 0 1 =82
1 4 0 0 0 1 0 =4
1 4 0 0 0 1 1 =1
1 4 0 0 1 0 0 =70
1 4 0 1 0 0 0 =69
1 4 0 1 0 1 0 =3
1 4 1 0 0 0 0 =45
1 4 1 0 0 0 1 =24
1 4 1 0 0 1 0 =2
1 4 1 0 1 0 0 =12
1 4 1 0 1 0 1 =1
1 4 1 1 0 0 0 =15
1 4 1 1 0 0 1 =3
1 4 1 2 0 0 0 =1
1 4 2 0 0 0 0 =74
1 4 2 0 0 0 1 =32
1 4 2 0 0 1 0 =1
1 4 2 0 0 1 1 =1
1 4 2 0 1 0 0 =33
1 4 2 0 1 1 0 =2
1 4 2 0 2 0 0 =1
1 4 2 1 0 0 0 =34
1 4 2 1 0 0 1 =1
1 4 2 1 1 0 0 =4
1 4 2 1 1 1 0 =1
1 4 3 0 0 0 0 =7
1 4 3 0 0 0 1 =5
1 4 3 0 1 0 0 =3
1 4 3 1 0 0 0 =1
1 4 4 0 0 0 1 =1
1 4 5 0 0 0 0 =1
1 4 5 1 0 0 0 =1
1 5 0 0 0 0 0 =165
1 5 0 0 0 0 1 =30
1 5 0 0 0 1 1 =1
1 5 0 0 1 0 0 =27
1 5 0 1 0 0 0 =23
1 5 1 0 0 0 0 =25
1 5 1 0 0 0 1 =8
1 5 1 0 0 1 0 =2
1 5 1 0 1 0 0 =8
1 5 1 0 1 0 1 =1
1 5 1 1 0 0 0 =8
1 5 2 0 0 0 0 =25
1 5 2 0 0 0 1 =18
1 5 2 0 0 0 2 =1
1 5 2 0 1 0 0 =22
1 5 2 1 0 0 0 =17
1 5 2 1 0 0 1 =1
1 5 2 1 0 1 0 =1
1 5 2 1 1 0 0 =2
1 5 3 0 0 0 0 =3
1 5 3 0 0 0 1 =1
1 5 3 0 1 0 0 =2
1 5 3 1 0 0 0 =1
1 5 4 0 0 0 0 =1
1 6 0 0 0 0 0 =43
1 6 0 0 0 0 1 =10
1 6 0 0 0 1 0 =1
1 6 0 0 1 0 0 =7
1 6 0 1 0 0 0 =8
1 6 1 0 0 0 0 =9
1 6 1 0 0 0 1 =2
1 6 1 0 0 1 0 =1
1 6 1 0 1 0 0 =2
1 6 1 0 1 0 1 =2
1 6 1 1 0 0 0 =3
1 6 1 1 0 0 1 =1
1 6 2 0 0 0 0 =9
1 6 2 0 0 0 1 =12
1 6 2 0 0 1 0 =1
1 6 2 0 1 0 0 =4
1 6 2 1 0 0 0 =6
1 6 2 1 1 0 0 =1
1 7 0 0 0 0 0 =11
1 7 0 0 0 0 1 =3
1 7 0 0 0 0 2 =1
1 7 0 0 1 0 0 =1
1 7 0 1 0 0 0 =1
1 7 1 0 0 0 0 =5
1 7 1 0 0 0 1 =1
1 7 1 0 1 0 0 =2
1 7 1 0 1 0 1 =1
1 7 1 1 0 0 0 =3
1 7 1 1 0 1 0 =1
1 7 2 0 0 0 0 =2
1 7 2 0 0 0 1 =3
1 7 2 0 1 0 0 =1
1 7 2 1 0 0 0 =1
1 7 3 0 0 0 0 =3
1 8 0 0 0 0 0 =1
1 8 0 0 1 0 0 =1
1 8 1 0 0 0 0 =1
1 8 1 0 0 0 1 =1
1 8 1 1 0 0 0 =1
1 8 2 0 1 0 0 =1
1 8 2 1 0 0 0 =2
1 8 2 1 1 0 0 =1
1 9 0 0 0 0 0 =1
1 9 2 0 0 0 0 =1
