0 0 0 0 0 0 0 =16122
0 0 0 0 0 0 1 =3245
0 0 0 0 0 0 2 =156
0 0 0 0 0 0 3 =1
0 0 0 0 0 1 0 =13176
0 0 0 0 0 1 1 =78
0 0 0 0 0 1 2 =13
0 0 0 0 0 2 0 =223
0 0 0 0 1 0 0 =3481
0 0 0 0 1 0 1 =33
0 0 0 0 1 0 2 =1
0 0 0 0 1 1 0 =91
0 0 0 0 1 1 1 =1
0 0 0 0 2 0 0 =499
0 0 0 0 2 0 1 =3
0 0 0 0 2 1 0 =22
0 0 0 1 0 0 0 =3378
0 0 0 1 0 0 1 =40
0 0 0 1 0 0 2 =3
0 0 0 1 0 1 0 =62
0 0 0 1 0 1 1 =1
0 0 0 1 1 0 0 =39
0 0 0 1 1 0 1 =1
0 0 0 1 1 1 0 =3
0 0 0 1 1 2 0 =1
0 0 0 1 2 0 0 =3
0 0 0 2 0 0 0 =460
0 0 0 2 0 0 1 =1
0 0 0 2 0 1 0 =15
0 0 0 2 1 0 0 =3
0 0 0 3 0 0 0 =2
0 0 1 0 0 0 0 =2528
0 0 1 0 0 0 1 =404
0 0 1 0 0 0 2 =169
0 0 1 0 0 1 0 =1834
0 0 1 0 0 1 1 =3
0 0 1 0 0 1 2 =5
0 0 1 0 0 2 0 =8
0 0 1 0 1 0 0 =378
0 0 1 0 1 0 1 =131
0 0 1 0 1 0 2 =2
0 0 1 0 1 1 0 =11
0 0 1 0 1 1 1 =2
0 0 1 0 2 0 0 =169
0 0 1 0 2 0 1 =1
0 0 1 0 2 1 0 =1
0 0 1 0 3 0 0 =2
0 0 1 1 0 0 0 =406
0 0 1 1 0 0 1 =127
0 0 1 1 0 0 2 =2
0 0 1 1 0 1 0 =17
0 0 1 1 0 1 1 =2
0 0 1 1 1 0 0 =124
0 0 1 1 1 1 0 =2
0 0 1 1 2 0 0 =1
0 0 1 2 0 0 0 =152
0 0 1 2 0 0 1 =1
0 0 1 2 0 1 0 =2
0 0 1 2 1 0 0 =2
0 0 1 3 0 0 0 =1
0 0 2 0 0 0 0 =1742
0 0 2 0 0 0 1 =411
0 0 2 0 0 0 2 =221
0 0 2 0 0 1 0 =549
0 0 2 0 0 1 1 =7
0 0 2 0 0 1 2 =3
0 0 2 0 0 2 0 =5
0 0 2 0 1 0 0 =406
0 0 2 0 1 0 1 =320
0 0 2 0 1 0 2 =1
0 0 2 0 1 1 0 =17
0 0 2 0 1 1 1 =11
0 0 2 0 2 0 0 =208
0 0 2 0 2 0 1 =3
0 0 2 0 2 1 0 =7
0 0 2 1 0 0 0 =376
0 0 2 1 0 0 1 =330
0 0 2 1 0 0 2 =1
0 0 2 1 0 1 0 =12
0 0 2 1 0 1 1 =4
0 0 2 1 1 0 0 =297
0 0 2 1 1 0 1 =3
0 0 2 1 1 1 0 =5
0 0 2 1 1 1 1 =1
0 0 2 1 2 0 0 =2
0 0 2 2 0 0 0 =186
0 0 2 2 0 0 1 =2
0 0 2 2 1 0 0 =1
0 0 2 3 0 0 0 =1
0 0 3 0 0 0 0 =474
0 0 3 0 0 0 1 =28
0 0 3 0 0 0 2 =10
0 0 3 0 0 1 0 =29
0 0 3 0 0 1 2 =1
0 0 3 0 1 0 0 =33
0 0 3 0 1 0 1 =16
0 0 3 0 1 1 0 =1
0 0 3 0 2 0 0 =10
0 0 3 1 0 0 0 =25
0 0 3 1 0 0 1 =9
0 0 3 1 0 1 0 =1
0 0 3 1 1 0 0 =16
0 0 3 2 0 0 0 =8
0 0 4 0 0 0 0 =109
0 0 4 0 0 0 1 =2
0 0 4 0 0 0 2 =1
0 0 4 0 0 1 0 =4
0 0 4 0 1 0 0 =5
0 0 4 0 1 0 1 =1
0 0 4 0 2 0 0 =2
0 0 4 1 0 0 0 =5
0 0 4 1 0 0 1 =3
0 0 4 1 1 0 0 =1
0 0 4 2 0 0 0 =2
0 0 5 0 0 0 0 =8
0 0 5 2 0 0 0 =1
0 1 0 0 0 0 0 =79777
0 1 0 0 0 0 1 =18961
0 1 0 0 0 0 2 =1968
0 1 0 0 0 0 3 =2
0 1 0 0 0 1 0 =85465
0 1 0 0 0 1 1 =292
0 1 0 0 0 1 2 =47
0 1 0 0 0 2 0 =553
0 1 0 0 0 2 1 =1
0 1 0 0 0 3 0 =1
0 1 0 0 1 0 0 =18952
0 1 0 0 1 0 1 =29
0 1 0 0 1 0 2 =1
0 1 0 0 1 1 0 =275
0 1 0 0 1 1 1 =1
0 1 0 0 1 2 0 =6
0 1 0 0 2 0 0 =1863
0 1 0 0 2 0 1 =3
0 1 0 0 2 0 2 =2
0 1 0 0 2 1 0 =44
0 1 0 1 0 0 0 =18010
0 1 0 1 0 0 1 =27
0 1 0 1 0 0 2 =1
0 1 0 1 0 1 0 =284
0 1 0 1 1 0 0 =16
0 1 0 1 2 0 0 =2
0 1 0 2 0 0 0 =1741
0 1 0 2 0 0 1 =1
0 1 0 2 0 1 0 =39
0 1 0 3 0 1 0 =1
0 1 1 0 0 0 0 =8574
0 1 1 0 0 0 1 =1080
0 1 1 0 0 0 2 =129
0 1 1 0 0 0 3 =1
0 1 1 0 0 1 0 =1699
0 1 1 0 0 1 1 =19
0 1 1 0 0 1 2 =2
0 1 1 0 0 2 0 =8
0 1 1 0 1 0 0 =1067
0 1 1 0 1 0 1 =144
0 1 1 0 1 1 0 =25
0 1 1 0 1 1 1 =2
0 1 1 0 2 0 0 =112
0 1 1 0 2 0 1 =1
0 1 1 0 2 1 0 =6
0 1 1 1 0 0 0 =1002
0 1 1 1 0 0 1 =146
0 1 1 1 0 0 2 =1
0 1 1 1 0 1 0 =17
0 1 1 1 0 1 1 =4
0 1 1 1 1 0 0 =150
0 1 1 1 1 0 1 =1
0 1 1 1 1 1 0 =5
0 1 1 1 2 0 0 =3
0 1 1 2 0 0 0 =125
0 1 1 2 0 0 1 =1
0 1 1 2 0 1 0 =3
0 1 1 2 1 0 0 =1
0 1 2 0 0 0 0 =7890
0 1 2 0 0 0 1 =1473
0 1 2 0 0 0 2 =171
0 1 2 0 0 1 0 =399
0 1 2 0 0 1 1 =23
0 1 2 0 0 1 2 =1
0 1 2 0 0 2 0 =1
0 1 2 0 1 0 0 =1566
0 1 2 0 1 0 1 =339
0 1 2 0 1 0 2 =1
0 1 2 0 1 1 0 =18
0 1 2 0 1 1 1 =10
0 1 2 0 1 2 0 =1
0 1 2 0 2 0 0 =188
0 1 2 0 2 0 1 =1
0 1 2 0 2 1 0 =4
0 1 2 0 2 2 0 =1
0 1 2 0 3 0 0 =2
0 1 2 1 0 0 0 =1458
0 1 2 1 0 0 1 =299
0 1 2 1 0 1 0 =23
0 1 2 1 0 1 1 =5
0 1 2 1 1 0 0 =292
0 1 2 1 1 0 1 =4
0 1 2 1 1 1 0 =4
0 1 2 2 0 0 0 =168
0 1 2 2 0 0 1 =1
0 1 2 2 0 1 0 =4
0 1 3 0 0 0 0 =601
0 1 3 0 0 0 1 =117
0 1 3 0 0 0 2 =13
0 1 3 0 0 1 0 =27
0 1 3 0 0 1 1 =2
0 1 3 0 1 0 0 =93
0 1 3 0 1 0 1 =20
0 1 3 0 1 1 0 =2
0 1 3 0 2 0 0 =12
0 1 3 1 0 0 0 =119
0 1 3 1 0 0 1 =14
0 1 3 1 0 1 0 =1
0 1 3 1 1 0 0 =16
0 1 3 1 1 1 0 =1
0 1 3 2 0 0 0 =10
0 1 4 0 0 0 0 =93
0 1 4 0 0 0 1 =6
0 1 4 0 1 0 0 =13
0 1 4 0 1 0 1 =1
0 1 4 0 1 1 0 =2
0 1 4 0 2 0 0 =3
0 1 4 1 0 0 0 =7
0 1 4 1 0 0 1 =2
0 1 4 1 1 0 0 =1
0 1 4 2 0 0 0 =1
0 1 5 0 0 0 0 =7
0 1 5 0 0 0 1 =1
0 1 5 0 1 0 0 =1
0 1 5 0 2 0 0 =1
0 1 5 1 0 0 0 =1
0 1 6 0 0 0 0 =1
0 10 0 0 0 0 0 =20
0 10 0 0 0 1 0 =2
0 10 1 0 0 0 0 =11
0 10 1 0 1 0 0 =1
0 10 1 1 0 0 0 =1
0 10 2 0 0 0 0 =27
0 10 2 0 1 0 0 =1
0 10 3 0 0 0 0 =2
0 10 4 0 0 0 0 =2
0 11 0 0 0 0 0 =5
0 11 1 0 0 0 0 =6
0 11 2 0 0 0 0 =9
0 11 3 0 0 0 0 =1
0 12 1 0 0 0 0 =1
0 12 2 0 0 0 0 =2
0 12 3 0 0 0 0 =1
0 13 1 0 0 0 0 =1
0 2 0 0 0 0 0 =131012
0 2 0 0 0 0 1 =12039
0 2 0 0 0 0 2 =1154
0 2 0 0 0 0 3 =1
0 2 0 0 0 1 0 =52627
0 2 0 0 0 1 1 =157
0 2 0 0 0 1 2 =30
0 2 0 0 0 2 0 =306
0 2 0 0 0 2 1 =1
0 2 0 0 0 3 0 =2
0 2 0 0 1 0 0 =11963
0 2 0 0 1 0 1 =7
0 2 0 0 1 0 2 =1
0 2 0 0 1 1 0 =175
0 2 0 0 2 0 0 =1206
0 2 0 0 2 1 0 =25
0 2 0 1 0 0 0 =11714
0 2 0 1 0 0 1 =14
0 2 0 1 0 1 0 =175
0 2 0 1 0 2 0 =1
0 2 0 1 1 0 0 =13
0 2 0 2 0 0 0 =1042
0 2 0 2 0 1 0 =18
0 2 1 0 0 0 0 =10384
0 2 1 0 0 0 1 =1320
0 2 1 0 0 0 2 =67
0 2 1 0 0 1 0 =880
0 2 1 0 0 1 1 =21
0 2 1 0 0 2 0 =6
0 2 1 0 1 0 0 =1343
0 2 1 0 1 0 1 =80
0 2 1 0 1 0 2 =2
0 2 1 0 1 1 0 =17
0 2 1 0 1 1 1 =1
0 2 1 0 2 0 0 =65
0 2 1 0 2 1 0 =1
0 2 1 1 0 0 0 =1238
0 2 1 1 0 0 1 =61
0 2 1 1 0 0 2 =1
0 2 1 1 0 1 0 =11
0 2 1 1 0 1 1 =1
0 2 1 1 1 0 0 =80
0 2 1 1 1 0 1 =1
0 2 1 1 1 1 0 =2
0 2 1 1 2 0 0 =1
0 2 1 2 0 0 0 =44
0 2 1 2 0 0 1 =3
0 2 1 3 0 0 0 =1
0 2 2 0 0 0 0 =9463
0 2 2 0 0 0 1 =2822
0 2 2 0 0 0 2 =96
0 2 2 0 0 1 0 =265
0 2 2 0 0 1 1 =46
0 2 2 0 0 2 0 =1
0 2 2 0 1 0 0 =2706
0 2 2 0 1 0 1 =181
0 2 2 0 1 0 2 =1
0 2 2 0 1 1 0 =26
0 2 2 0 1 1 1 =5
0 2 2 0 2 0 0 =105
0 2 2 0 2 0 1 =1
0 2 2 0 2 1 0 =2
0 2 2 1 0 0 0 =2616
0 2 2 1 0 0 1 =182
0 2 2 1 0 1 0 =38
0 2 2 1 0 1 1 =1
0 2 2 1 0 2 0 =1
0 2 2 1 1 0 0 =171
0 2 2 1 1 0 1 =2
0 2 2 1 2 0 0 =4
0 2 2 2 0 0 0 =78
0 2 2 2 0 1 0 =7
0 2 2 2 1 0 0 =1
0 2 3 0 0 0 0 =626
0 2 3 0 0 0 1 =185
0 2 3 0 0 0 2 =4
0 2 3 0 0 1 0 =8
0 2 3 0 0 1 1 =4
0 2 3 0 1 0 0 =169
0 2 3 0 1 0 1 =11
0 2 3 0 1 1 0 =2
0 2 3 0 2 0 0 =2
0 2 3 1 0 0 0 =168
0 2 3 1 0 0 1 =15
0 2 3 1 0 1 0 =1
0 2 3 1 0 1 1 =2
0 2 3 1 1 0 0 =11
0 2 3 1 1 0 1 =1
0 2 3 1 2 0 0 =1
0 2 3 2 0 0 0 =7
0 2 4 0 0 0 0 =45
0 2 4 0 0 0 1 =17
0 2 4 0 0 1 0 =3
0 2 4 0 1 0 0 =12
0 2 4 0 1 0 1 =1
0 2 4 1 0 0 0 =13
0 2 4 1 0 0 1 =2
0 2 4 1 1 0 0 =1
0 2 4 2 0 0 0 =2
0 2 5 0 0 0 0 =5
0 2 5 0 0 1 0 =1
0 2 5 0 1 0 0 =1
0 2 5 1 0 0 0 =2
0 2 5 2 0 0 0 =1
0 3 0 0 0 0 0 =156866
0 3 0 0 0 0 1 =4352
0 3 0 0 0 0 2 =459
0 3 0 0 0 0 3 =1
0 3 0 0 0 1 0 =18716
0 3 0 0 0 1 1 =56
0 3 0 0 0 1 2 =7
0 3 0 0 0 2 0 =127
0 3 0 0 0 2 1 =1
0 3 0 0 0 3 0 =1
0 3 0 0 1 0 0 =4348
0 3 0 0 1 0 1 =5
0 3 0 0 1 1 0 =52
0 3 0 0 2 0 0 =399
0 3 0 0 2 1 0 =11
0 3 0 1 0 0 0 =4318
0 3 0 1 0 0 1 =2
0 3 0 1 0 1 0 =69
0 3 0 1 0 2 0 =1
0 3 0 1 1 0 0 =9
0 3 0 2 0 0 0 =362
0 3 0 2 0 1 0 =8
0 3 1 0 0 0 0 =8806
0 3 1 0 0 0 1 =951
0 3 1 0 0 0 2 =34
0 3 1 0 0 1 0 =314
0 3 1 0 0 1 1 =17
0 3 1 0 0 2 0 =2
0 3 1 0 1 0 0 =931
0 3 1 0 1 0 1 =46
0 3 1 0 1 1 0 =20
0 3 1 0 2 0 0 =31
0 3 1 0 2 0 1 =1
0 3 1 1 0 0 0 =860
0 3 1 1 0 0 1 =37
0 3 1 1 0 1 0 =9
0 3 1 1 0 1 1 =1
0 3 1 1 1 0 0 =42
0 3 1 1 1 0 1 =1
0 3 1 1 1 1 0 =1
0 3 1 2 0 0 0 =28
0 3 1 2 0 1 0 =1
0 3 2 0 0 0 0 =10898
0 3 2 0 0 0 1 =2018
0 3 2 0 0 0 2 =35
0 3 2 0 0 1 0 =181
0 3 2 0 0 1 1 =30
0 3 2 0 0 1 2 =2
0 3 2 0 1 0 0 =2017
0 3 2 0 1 0 1 =69
0 3 2 0 1 1 0 =25
0 3 2 0 1 1 1 =1
0 3 2 0 2 0 0 =39
0 3 2 0 2 1 0 =1
0 3 2 1 0 0 0 =2028
0 3 2 1 0 0 1 =74
0 3 2 1 0 1 0 =27
0 3 2 1 1 0 0 =85
0 3 2 2 0 0 0 =42
0 3 2 2 0 0 1 =1
0 3 2 3 0 0 0 =1
0 3 3 0 0 0 0 =701
0 3 3 0 0 0 1 =127
0 3 3 0 0 0 2 =1
0 3 3 0 0 1 0 =13
0 3 3 0 0 1 1 =3
0 3 3 0 1 0 0 =120
0 3 3 0 1 0 1 =6
0 3 3 0 2 0 0 =4
0 3 3 1 0 0 0 =114
0 3 3 1 0 0 1 =7
0 3 3 1 0 1 0 =2
0 3 3 1 1 0 0 =7
0 3 3 2 0 0 0 =1
0 3 3 2 2 0 0 =1
0 3 4 0 0 0 0 =54
0 3 4 0 0 0 1 =14
0 3 4 0 0 0 2 =2
0 3 4 0 0 1 0 =1
0 3 4 0 1 0 0 =11
0 3 4 0 1 1 0 =1
0 3 4 1 0 0 0 =7
0 3 4 2 0 0 0 =1
0 3 5 0 0 0 0 =1
0 3 5 0 0 0 1 =1
0 3 5 0 1 0 0 =1
0 4 0 0 0 0 0 =87765
0 4 0 0 0 0 1 =1208
0 4 0 0 0 0 2 =112
0 4 0 0 0 1 0 =5283
0 4 0 0 0 1 1 =25
0 4 0 0 0 1 2 =1
0 4 0 0 0 2 0 =38
0 4 0 0 1 0 0 =1158
0 4 0 0 1 1 0 =34
0 4 0 0 2 0 0 =142
0 4 0 0 2 1 0 =1
0 4 0 1 0 0 0 =1199
0 4 0 1 0 0 1 =1
0 4 0 1 0 1 0 =21
0 4 0 1 1 0 0 =1
0 4 0 2 0 0 0 =88
0 4 0 2 0 1 0 =2
0 4 1 0 0 0 0 =6286
0 4 1 0 0 0 1 =450
0 4 1 0 0 0 2 =9
0 4 1 0 0 1 0 =131
0 4 1 0 0 1 1 =8
0 4 1 0 0 2 0 =1
0 4 1 0 1 0 0 =490
0 4 1 0 1 0 1 =14
0 4 1 0 1 1 0 =10
0 4 1 0 2 0 0 =13
0 4 1 0 2 1 0 =1
0 4 1 1 0 0 0 =453
0 4 1 1 0 0 1 =11
0 4 1 1 0 1 0 =4
0 4 1 1 0 1 1 =2
0 4 1 1 1 0 0 =11
0 4 1 1 2 0 0 =1
0 4 1 2 0 0 0 =7
0 4 1 2 0 1 0 =1
0 4 2 0 0 0 0 =10746
0 4 2 0 0 0 1 =1050
0 4 2 0 0 0 2 =8
0 4 2 0 0 1 0 =135
0 4 2 0 0 1 1 =15
0 4 2 0 0 1 2 =1
0 4 2 0 0 2 0 =2
0 4 2 0 0 2 1 =1
0 4 2 0 1 0 0 =1036
0 4 2 0 1 0 1 =22
0 4 2 0 1 1 0 =14
0 4 2 0 2 0 0 =13
0 4 2 1 0 0 0 =949
0 4 2 1 0 0 1 =22
0 4 2 1 0 1 0 =19
0 4 2 1 0 2 0 =1
0 4 2 1 1 0 0 =29
0 4 2 2 0 0 0 =13
0 4 3 0 0 0 0 =672
0 4 3 0 0 0 1 =48
0 4 3 0 0 1 0 =13
0 4 3 0 0 1 1 =1
0 4 3 0 1 0 0 =66
0 4 3 0 1 0 1 =2
0 4 3 0 1 1 0 =1
0 4 3 1 0 0 0 =63
0 4 3 1 0 0 1 =1
0 4 3 1 0 1 0 =2
0 4 4 0 0 0 0 =59
0 4 4 0 0 0 1 =8
0 4 4 0 0 1 0 =2
0 4 4 0 1 0 0 =6
0 4 4 0 1 1 0 =1
0 4 4 1 0 0 0 =4
0 4 4 1 1 0 0 =1
0 4 5 0 0 0 0 =2
0 4 5 0 0 0 1 =1
0 4 5 0 1 0 0 =1
0 5 0 0 0 0 0 =31700
0 5 0 0 0 0 1 =299
0 5 0 0 0 0 2 =26
0 5 0 0 0 1 0 =1270
0 5 0 0 0 1 1 =1
0 5 0 0 0 2 0 =10
0 5 0 0 1 0 0 =280
0 5 0 0 1 1 0 =4
0 5 0 0 2 0 0 =20
0 5 0 0 2 1 0 =1
0 5 0 1 0 0 0 =278
0 5 0 1 0 0 1 =2
0 5 0 1 0 1 0 =1
0 5 0 1 1 0 0 =2
0 5 0 2 0 0 0 =22
0 5 0 2 0 1 0 =2
0 5 1 0 0 0 0 =3503
0 5 1 0 0 0 1 =196
0 5 1 0 0 0 2 =4
0 5 1 0 0 1 0 =70
0 5 1 0 0 1 1 =8
0 5 1 0 1 0 0 =176
0 5 1 0 1 0 1 =2
0 5 1 0 1 1 0 =4
0 5 1 0 2 0 0 =2
0 5 1 1 0 0 0 =186
0 5 1 1 0 0 1 =7
0 5 1 1 0 1 0 =3
0 5 1 1 0 2 0 =2
0 5 1 1 1 0 0 =3
0 5 1 2 0 0 0 =2
0 5 2 0 0 0 0 =6785
0 5 2 0 0 0 1 =400
0 5 2 0 0 0 2 =3
0 5 2 0 0 1 0 =73
0 5 2 0 0 1 1 =8
0 5 2 0 0 2 0 =1
0 5 2 0 1 0 0 =403
0 5 2 0 1 0 1 =4
0 5 2 0 1 1 0 =9
0 5 2 0 2 0 0 =2
0 5 2 1 0 0 0 =399
0 5 2 1 0 0 1 =11
0 5 2 1 0 1 0 =2
0 5 2 1 1 0 0 =6
0 5 2 2 0 0 0 =6
0 5 3 0 0 0 0 =444
0 5 3 0 0 0 1 =26
0 5 3 0 0 1 0 =4
0 5 3 0 1 0 0 =27
0 5 3 0 1 0 1 =1
0 5 3 0 1 1 0 =1
0 5 3 1 0 0 0 =22
0 5 4 0 0 0 0 =41
0 5 4 0 0 0 1 =3
0 5 4 0 1 0 0 =2
0 5 4 1 0 0 0 =1
0 5 4 1 1 0 0 =1
0 5 5 0 0 0 0 =3
0 5 5 0 1 0 0 =1
0 6 0 0 0 0 0 =9161
0 6 0 0 0 0 1 =52
0 6 0 0 0 0 2 =9
0 6 0 0 0 1 0 =284
0 6 0 0 0 1 1 =2
0 6 0 0 0 2 0 =1
0 6 0 0 1 0 0 =69
0 6 0 0 2 0 0 =3
0 6 0 0 2 1 0 =1
0 6 0 1 0 0 0 =77
0 6 0 2 0 0 0 =7
0 6 0 2 0 1 0 =1
0 6 1 0 0 0 0 =1660
0 6 1 0 0 0 1 =57
0 6 1 0 0 1 0 =26
0 6 1 0 0 1 1 =1
0 6 1 0 1 0 0 =68
0 6 1 0 1 0 1 =1
0 6 1 1 0 0 0 =57
0 6 1 1 0 0 1 =1
0 6 1 1 0 1 0 =1
0 6 1 1 1 0 0 =2
0 6 2 0 0 0 0 =3250
0 6 2 0 0 0 1 =141
0 6 2 0 0 1 0 =37
0 6 2 0 0 1 1 =3
0 6 2 0 1 0 0 =126
0 6 2 0 1 0 1 =1
0 6 2 1 0 0 0 =130
0 6 2 1 0 0 1 =1
0 6 2 1 1 0 0 =4
0 6 2 2 0 0 0 =1
0 6 3 0 0 0 0 =190
0 6 3 0 0 0 1 =13
0 6 3 0 0 1 0 =1
0 6 3 0 1 0 0 =15
0 6 3 1 0 0 0 =7
0 6 4 0 0 0 0 =21
0 6 4 0 0 0 1 =2
0 6 4 0 0 1 0 =1
0 6 5 0 0 0 0 =2
0 7 0 0 0 0 0 =2120
0 7 0 0 0 0 1 =18
0 7 0 0 0 0 2 =1
0 7 0 0 0 1 0 =60
0 7 0 0 0 1 1 =1
0 7 0 0 0 2 0 =1
0 7 0 0 1 0 0 =20
0 7 0 0 2 0 0 =1
0 7 0 1 0 0 0 =18
0 7 0 2 0 0 0 =1
0 7 1 0 0 0 0 =590
0 7 1 0 0 0 1 =22
0 7 1 0 0 0 2 =1
0 7 1 0 0 1 0 =9
0 7 1 0 1 0 0 =21
0 7 1 1 0 0 0 =18
0 7 1 1 1 0 0 =1
0 7 2 0 0 0 0 =1221
0 7 2 0 0 0 1 =46
0 7 2 0 0 1 0 =19
0 7 2 0 1 0 0 =43
0 7 2 0 1 0 1 =1
0 7 2 0 1 1 0 =1
0 7 2 1 0 0 0 =41
0 7 3 0 0 0 0 =85
0 7 3 0 1 0 0 =3
0 7 3 1 0 0 0 =1
0 7 4 0 0 0 0 =12
0 7 5 0 0 0 0 =1
0 8 0 0 0 0 0 =424
0 8 0 0 0 0 1 =5
0 8 0 0 0 0 2 =1
0 8 0 0 0 1 0 =12
0 8 0 0 1 0 0 =5
0 8 0 1 0 0 0 =2
0 8 1 0 0 0 0 =198
0 8 1 0 0 0 1 =3
0 8 1 0 1 0 0 =4
0 8 1 1 0 0 0 =5
0 8 2 0 0 0 0 =378
0 8 2 0 0 0 1 =10
0 8 2 0 0 0 2 =2
0 8 2 0 0 1 0 =4
0 8 2 0 1 0 0 =13
0 8 2 0 1 0 1 =1
0 8 2 1 0 0 0 =10
0 8 2 1 0 1 0 =1
0 8 2 1 1 0 0 =1
0 8 3 0 0 0 0 =21
0 8 3 0 0 0 1 =1
0 8 3 1 0 1 0 =1
0 8 4 0 0 0 0 =2
0 9 0 0 0 0 0 =96
0 9 0 0 0 1 0 =2
0 9 1 0 0 0 0 =52
0 9 1 0 0 0 1 =2
0 9 1 0 1 0 0 =3
0 9 1 1 0 0 0 =2
0 9 2 0 0 0 0 =110
0 9 2 0 0 0 1 =2
0 9 2 0 0 1 0 =2
0 9 2 0 1 0 0 =3
0 9 2 1 0 0 0 =3
0 9 3 0 0 0 0 =10
0 9 3 0 0 0 1 =1
0 9 3 0 1 0 0 =1
1 0 0 0 0 0 0 =140
1 0 0 0 0 0 1 =50
1 0 0 0 0 0 3 =1
1 0 0 0 0 1 0 =44
1 0 0 0 0 1 1 =1
1 0 0 0 0 2 0 =1
1 0 0 0 1 0 0 =43
1 0 0 0 1 1 0 =1
1 0 0 0 2 0 0 =2
1 0 0 1 0 0 0 =41
1 0 0 1 0 1 0 =3
1 0 0 2 0 0 0 =3
1 0 1 0 0 0 0 =49
1 0 1 0 0 0 1 =5
1 0 1 0 0 1 0 =1
1 0 1 0 1 0 0 =7
1 0 1 0 1 0 1 =3
1 0 1 0 2 0 0 =1
1 0 1 1 0 0 0 =3
1 0 1 1 0 1 0 =1
1 0 1 1 1 0 0 =2
1 0 2 0 0 0 0 =35
1 0 2 0 0 0 1 =8
1 0 2 0 0 0 2 =2
1 0 2 0 1 0 0 =6
1 0 2 0 1 0 1 =1
1 0 2 0 1 1 0 =1
1 0 2 0 2 0 0 =2
1 0 2 1 0 0 0 =7
1 0 2 1 1 0 0 =5
1 0 3 0 0 0 0 =5
1 0 3 0 1 0 0 =1
1 1 0 0 0 0 0 =2382
1 1 0 0 0 0 1 =302
1 1 0 0 0 1 0 =65
1 1 0 0 0 1 1 =6
1 1 0 0 1 0 0 =313
1 1 0 0 1 0 1 =2
1 1 0 0 1 1 0 =7
1 1 0 1 0 0 0 =315
1 1 0 1 0 1 0 =6
1 1 1 0 0 0 0 =100
1 1 1 0 0 0 1 =21
1 1 1 0 0 0 2 =2
1 1 1 0 0 1 0 =2
1 1 1 0 0 1 1 =2
1 1 1 0 1 0 0 =22
1 1 1 0 1 0 1 =4
1 1 1 0 2 0 0 =2
1 1 1 1 0 0 0 =17
1 1 1 1 0 0 1 =5
1 1 1 1 1 0 0 =4
1 1 1 2 0 0 0 =3
1 1 2 0 0 0 0 =44
1 1 2 0 0 0 1 =27
1 1 2 0 0 0 2 =1
1 1 2 0 0 1 0 =1
1 1 2 0 0 1 1 =2
1 1 2 0 1 0 0 =29
1 1 2 0 1 0 1 =9
1 1 2 0 1 1 0 =2
1 1 2 0 2 0 0 =4
1 1 2 0 2 1 0 =1
1 1 2 1 0 0 0 =26
1 1 2 1 0 0 1 =7
1 1 2 1 0 1 1 =1
1 1 2 1 1 0 0 =1
1 1 2 2 0 0 0 =1
1 1 3 0 0 0 0 =2
1 1 3 0 0 0 1 =5
1 1 3 0 1 0 0 =2
1 1 3 1 0 0 0 =5
1 1 4 0 2 0 0 =1
1 10 1 1 0 0 0 =1
1 2 0 0 0 0 0 =2495
1 2 0 0 0 0 1 =341
1 2 0 0 0 0 2 =2
1 2 0 0 0 1 0 =41
1 2 0 0 0 1 1 =6
1 2 0 0 1 0 0 =318
1 2 0 0 1 1 0 =4
1 2 0 1 0 0 0 =343
1 2 0 1 0 1 0 =1
1 2 0 1 1 0 0 =1
1 2 0 2 0 0 0 =1
1 2 1 0 0 0 0 =126
1 2 1 0 0 0 1 =36
1 2 1 0 0 0 2 =1
1 2 1 0 0 1 0 =2
1 2 1 0 0 1 1 =1
1 2 1 0 0 2 0 =1
1 2 1 0 1 0 0 =38
1 2 1 0 1 0 1 =4
1 2 1 0 1 1 0 =1
1 2 1 1 0 0 0 =42
1 2 1 1 0 0 1 =7
1 2 1 1 0 1 0 =1
1 2 1 1 1 0 0 =3
1 2 1 1 1 0 1 =1
1 2 1 2 0 0 0 =2
1 2 2 0 0 0 0 =97
1 2 2 0 0 0 1 =52
1 2 2 0 0 0 2 =3
1 2 2 0 0 1 0 =1
1 2 2 0 0 1 1 =2
1 2 2 0 1 0 0 =42
1 2 2 0 1 0 1 =8
1 2 2 0 1 1 0 =2
1 2 2 0 2 0 0 =3
1 2 2 1 0 0 0 =38
1 2 2 1 0 0 1 =3
1 2 2 1 0 1 0 =1
1 2 2 1 1 0 0 =11
1 2 2 2 0 0 0 =1
1 2 3 0 0 0 0 =11
1 2 3 0 0 0 1 =3
1 2 3 0 0 0 2 =1
1 2 3 0 1 0 1 =1
1 2 3 0 2 0 0 =1
1 2 3 1 0 0 0 =4
1 2 3 1 0 0 1 =1
1 2 4 0 0 0 0 =1
1 2 4 0 1 0 0 =1
1 2 4 1 0 0 0 =1
1 2 6 0 0 0 0 =1
1 3 0 0 0 0 0 =1313
1 3 0 0 0 0 1 =192
1 3 0 0 0 1 0 =22
1 3 0 0 0 1 1 =4
1 3 0 0 1 0 0 =193
1 3 0 0 1 1 0 =5
1 3 0 0 2 0 0 =1
1 3 0 1 0 0 0 =185
1 3 0 1 0 0 1 =2
1 3 0 1 0 1 0 =6
1 3 0 1 1 0 0 =1
1 3 0 2 0 0 0 =1
1 3 1 0 0 0 0 =75
1 3 1 0 0 0 1 =31
1 3 1 0 0 1 0 =2
1 3 1 0 0 1 1 =1
1 3 1 0 1 0 0 =36
1 3 1 0 1 0 1 =2
1 3 1 0 1 1 0 =1
1 3 1 1 0 0 0 =22
1 3 1 1 0 0 1 =1
1 3 1 1 1 0 0 =1
1 3 1 1 1 1 0 =1
1 3 2 0 0 0 0 =92
1 3 2 0 0 0 1 =43
1 3 2 0 0 0 2 =2
1 3 2 0 0 1 1 =2
1 3 2 0 1 0 0 =37
1 3 2 0 1 0 1 =3
1 3 2 0 1 1 0 =1
1 3 2 0 2 0 0 =1
1 3 2 1 0 0 0 =40
1 3 2 1 0 1 0 =3
1 3 2 1 1 0 0 =4
1 3 2 2 0 0 0 =3
1 3 3 0 0 0 0 =8
1 3 3 0 0 0 1 =3
1 3 3 0 0 1 0 =1
1 3 3 0 1 0 0 =2
1 3 3 1 0 0 0 =3
1 3 4 0 0 0 0 =1
1 3 4 0 1 0 1 =1
1 3 4 1 0 0 0 =2
1 4 0 0 0 0 0 =505
1 4 0 0 0 0 1 =68
1 4 0 0 0 1 0 =9
1 4 0 0 0 1 1 =2
1 4 0 0 1 0 0 =86
1 4 0 0 1 1 0 =2
1 4 0 1 0 0 0 =75
1 4 0 1 1 0 0 =1
1 4 1 0 0 0 0 =52
1 4 1 0 0 0 1 =9
1 4 1 0 0 1 1 =1
1 4 1 0 1 0 0 =19
1 4 1 0 1 1 0 =1
1 4 1 1 0 0 0 =24
1 4 1 1 0 0 1 =2
1 4 1 1 1 0 0 =1
1 4 2 0 0 0 0 =57
1 4 2 0 0 0 1 =26
1 4 2 0 0 0 2 =2
1 4 2 0 0 1 0 =1
1 4 2 0 1 0 0 =42
1 4 2 0 1 0 1 =1
1 4 2 0 1 1 0 =1
1 4 2 0 1 1 1 =1
1 4 2 1 0 0 0 =33
1 4 2 1 0 0 1 =2
1 4 2 1 1 0 0 =2
1 4 2 2 0 0 0 =1
1 4 3 0 0 0 0 =5
1 4 3 0 0 0 1 =1
1 4 3 0 1 0 0 =1
1 4 3 1 0 0 0 =6
1 5 0 0 0 0 0 =151
1 5 0 0 0 0 1 =28
1 5 0 0 0 1 0 =3
1 5 0 0 1 0 0 =26
1 5 0 1 0 0 0 =17
1 5 0 1 0 1 0 =1
1 5 1 0 0 0 0 =30
1 5 1 0 0 0 1 =11
1 5 1 0 0 1 1 =2
1 5 1 0 1 0 0 =11
1 5 1 0 1 0 1 =1
1 5 1 0 1 1 0 =1
1 5 1 0 2 0 0 =1
1 5 1 1 0 0 0 =7
1 5 1 1 1 0 0 =1
1 5 2 0 0 0 0 =32
1 5 2 0 0 0 1 =21
1 5 2 0 0 0 2 =1
1 5 2 0 0 1 0 =2
1 5 2 0 1 0 0 =16
1 5 2 0 1 0 1 =2
1 5 2 1 0 0 0 =9
1 5 3 0 0 0 1 =1
1 5 3 1 0 0 0 =1
1 5 3 1 0 0 1 =1
1 5 4 0 1 0 0 =1
1 6 0 0 0 0 0 =45
1 6 0 0 0 0 1 =12
1 6 0 0 0 1 0 =1
1 6 0 0 1 0 0 =10
1 6 0 1 0 0 0 =9
1 6 1 0 0 0 0 =7
1 6 1 0 0 0 1 =2
1 6 1 0 1 0 0 =6
1 6 1 1 0 0 0 =6
1 6 2 0 0 0 0 =23
1 6 2 0 0 0 1 =5
1 6 2 0 1 0 0 =4
1 6 2 1 0 0 0 =5
1 7 0 0 0 0 0 =5
1 7 0 0 0 0 1 =3
1 7 0 0 1 0 0 =2
1 7 0 1 0 0 0 =3
1 7 1 0 0 0 0 =3
1 7 1 0 1 0 0 =1
1 7 2 0 0 0 0 =2
1 7 2 0 0 0 2 =1
1 7 2 0 1 0 0 =2
1 7 2 1 0 0 0 =3
1 7 3 0 1 0 0 =1
1 8 0 0 0 0 0 =2
1 8 0 0 1 0 0 =1
1 8 1 0 0 0 0 =2
1 8 2 0 0 0 0 =2
1 8 2 0 0 0 1 =1
1 8 2 0 1 0 0 =2
1 8 2 1 0 0 0 =2
1 9 1 1 0 0 0 =1
