0 0 0 0 0 0 0 =16120
0 0 0 0 0 0 1 =3240
0 0 0 0 0 0 2 =182
0 0 0 0 0 1 0 =13041
0 0 0 0 0 1 1 =65
0 0 0 0 0 1 2 =19
0 0 0 0 0 2 0 =216
0 0 0 0 0 3 0 =1
0 0 0 0 1 0 0 =3503
0 0 0 0 1 0 1 =27
0 0 0 0 1 0 2 =3
0 0 0 0 1 1 0 =66
0 0 0 0 1 1 1 =1
0 0 0 0 2 0 0 =505
0 0 0 0 2 1 0 =16
0 0 0 0 3 0 0 =3
0 0 0 1 0 0 0 =3382
0 0 0 1 0 0 1 =40
0 0 0 1 0 0 2 =2
0 0 0 1 0 1 0 =70
0 0 0 1 0 2 0 =1
0 0 0 1 1 0 0 =25
0 0 0 1 1 1 0 =5
0 0 0 1 2 0 0 =3
0 0 0 2 0 0 0 =440
0 0 0 2 0 0 1 =1
0 0 0 2 0 0 2 =1
0 0 0 2 0 1 0 =16
0 0 0 2 1 0 0 =1
0 0 0 3 0 0 0 =1
0 0 1 0 0 0 0 =2533
0 0 1 0 0 0 1 =399
0 0 1 0 0 0 2 =162
0 0 1 0 0 0 3 =1
0 0 1 0 0 1 0 =1991
0 0 1 0 0 1 1 =8
0 0 1 0 0 1 2 =1
0 0 1 0 0 2 0 =5
0 0 1 0 1 0 0 =388
0 0 1 0 1 0 1 =133
0 0 1 0 1 0 2 =2
0 0 1 0 1 1 0 =11
0 0 1 0 1 1 1 =2
0 0 1 0 2 0 0 =175
0 0 1 0 2 0 1 =1
0 0 1 0 2 1 0 =2
0 0 1 1 0 0 0 =371
0 0 1 1 0 0 1 =133
0 0 1 1 0 0 2 =2
0 0 1 1 0 1 0 =7
0 0 1 1 0 1 1 =3
0 0 1 1 1 0 0 =128
0 0 1 1 1 0 1 =1
0 0 1 1 1 1 0 =5
0 0 1 1 1 2 0 =1
0 0 1 2 0 0 0 =134
0 0 1 2 0 0 1 =2
0 0 1 2 0 1 0 =2
0 0 1 2 1 0 0 =3
0 0 2 0 0 0 0 =1693
0 0 2 0 0 0 1 =425
0 0 2 0 0 0 2 =211
0 0 2 0 0 1 0 =516
0 0 2 0 0 1 1 =11
0 0 2 0 0 1 2 =3
0 0 2 0 0 2 0 =3
0 0 2 0 0 2 1 =1
0 0 2 0 1 0 0 =392
0 0 2 0 1 0 1 =391
0 0 2 0 1 1 0 =8
0 0 2 0 1 1 1 =8
0 0 2 0 1 2 0 =1
0 0 2 0 2 0 0 =220
0 0 2 0 2 0 1 =1
0 0 2 0 2 1 0 =3
0 0 2 0 2 2 0 =1
0 0 2 1 0 0 0 =423
0 0 2 1 0 0 1 =321
0 0 2 1 0 0 2 =2
0 0 2 1 0 1 0 =11
0 0 2 1 0 1 1 =6
0 0 2 1 0 1 2 =1
0 0 2 1 1 0 0 =340
0 0 2 1 1 0 1 =5
0 0 2 1 1 1 0 =10
0 0 2 1 2 0 0 =2
0 0 2 1 2 1 0 =1
0 0 2 2 0 0 0 =194
0 0 2 2 0 1 0 =3
0 0 2 2 1 0 0 =1
0 0 3 0 0 0 0 =467
0 0 3 0 0 0 1 =31
0 0 3 0 0 0 2 =16
0 0 3 0 0 1 0 =25
0 0 3 0 1 0 0 =28
0 0 3 0 1 0 1 =21
0 0 3 0 1 1 1 =1
0 0 3 0 2 0 0 =10
0 0 3 0 2 1 0 =1
0 0 3 1 0 0 0 =26
0 0 3 1 0 0 1 =12
0 0 3 1 0 1 0 =1
0 0 3 1 1 0 0 =22
0 0 3 2 0 0 0 =8
0 0 4 0 0 0 0 =110
0 0 4 0 0 0 1 =3
0 0 4 0 0 1 0 =1
0 0 4 0 1 0 0 =5
0 0 4 0 1 0 1 =2
0 0 4 1 0 0 0 =3
0 0 4 1 0 0 1 =5
0 0 5 0 0 0 0 =14
0 0 5 1 0 0 0 =1
0 0 5 1 0 0 1 =1
0 0 5 2 0 0 0 =1
0 1 0 0 0 0 0 =80337
0 1 0 0 0 0 1 =19005
0 1 0 0 0 0 2 =1953
0 1 0 0 0 1 0 =85904
0 1 0 0 0 1 1 =287
0 1 0 0 0 1 2 =47
0 1 0 0 0 2 0 =553
0 1 0 0 0 2 1 =1
0 1 0 0 0 2 2 =1
0 1 0 0 0 3 0 =2
0 1 0 0 1 0 0 =18702
0 1 0 0 1 0 1 =22
0 1 0 0 1 0 2 =2
0 1 0 0 1 1 0 =278
0 1 0 0 1 1 1 =2
0 1 0 0 1 2 0 =1
0 1 0 0 2 0 0 =1974
0 1 0 0 2 1 0 =43
0 1 0 0 2 2 0 =2
0 1 0 1 0 0 0 =18162
0 1 0 1 0 0 1 =29
0 1 0 1 0 1 0 =310
0 1 0 1 0 2 0 =3
0 1 0 1 1 0 0 =27
0 1 0 1 1 0 1 =1
0 1 0 1 1 1 0 =2
0 1 0 1 2 0 0 =2
0 1 0 2 0 0 0 =1748
0 1 0 2 0 1 0 =29
0 1 0 2 1 0 0 =2
0 1 0 3 0 0 0 =2
0 1 1 0 0 0 0 =8867
0 1 1 0 0 0 1 =1007
0 1 1 0 0 0 2 =165
0 1 1 0 0 0 3 =1
0 1 1 0 0 1 0 =1700
0 1 1 0 0 1 1 =18
0 1 1 0 0 1 2 =5
0 1 1 0 0 2 0 =7
0 1 1 0 1 0 0 =1062
0 1 1 0 1 0 1 =124
0 1 1 0 1 1 0 =14
0 1 1 0 1 1 1 =2
0 1 1 0 1 2 0 =1
0 1 1 0 2 0 0 =136
0 1 1 0 2 0 1 =2
0 1 1 1 0 0 0 =1003
0 1 1 1 0 0 1 =149
0 1 1 1 0 0 2 =3
0 1 1 1 0 1 0 =12
0 1 1 1 0 2 0 =1
0 1 1 1 1 0 0 =134
0 1 1 1 1 0 1 =3
0 1 1 1 1 1 0 =4
0 1 1 1 2 0 0 =2
0 1 1 2 0 0 0 =111
0 1 1 2 0 0 1 =1
0 1 1 2 0 1 0 =1
0 1 1 2 1 0 0 =4
0 1 2 0 0 0 0 =7842
0 1 2 0 0 0 1 =1487
0 1 2 0 0 0 2 =180
0 1 2 0 0 1 0 =462
0 1 2 0 0 1 1 =35
0 1 2 0 0 1 2 =1
0 1 2 0 0 2 0 =4
0 1 2 0 1 0 0 =1456
0 1 2 0 1 0 1 =352
0 1 2 0 1 0 2 =1
0 1 2 0 1 1 0 =30
0 1 2 0 1 1 1 =4
0 1 2 0 2 0 0 =171
0 1 2 0 2 1 0 =6
0 1 2 0 3 1 0 =1
0 1 2 1 0 0 0 =1452
0 1 2 1 0 0 1 =330
0 1 2 1 0 0 2 =1
0 1 2 1 0 1 0 =31
0 1 2 1 0 1 1 =3
0 1 2 1 0 2 1 =1
0 1 2 1 1 0 0 =288
0 1 2 1 1 0 1 =3
0 1 2 1 1 1 0 =3
0 1 2 1 2 0 0 =3
0 1 2 2 0 0 0 =159
0 1 2 2 0 0 1 =3
0 1 2 2 0 1 0 =2
0 1 2 2 1 0 0 =4
0 1 3 0 0 0 0 =599
0 1 3 0 0 0 1 =103
0 1 3 0 0 0 2 =14
0 1 3 0 0 1 0 =19
0 1 3 0 0 1 1 =2
0 1 3 0 0 2 0 =1
0 1 3 0 1 0 0 =86
0 1 3 0 1 0 1 =16
0 1 3 0 1 1 0 =2
0 1 3 0 1 1 1 =1
0 1 3 0 2 0 0 =9
0 1 3 1 0 0 0 =91
0 1 3 1 0 0 1 =22
0 1 3 1 0 0 2 =1
0 1 3 1 0 1 0 =4
0 1 3 1 1 0 0 =16
0 1 3 1 1 1 0 =1
0 1 3 2 0 0 0 =8
0 1 4 0 0 0 0 =93
0 1 4 0 0 0 1 =8
0 1 4 0 0 1 0 =2
0 1 4 0 1 0 0 =6
0 1 4 0 1 0 1 =2
0 1 4 0 1 1 0 =1
0 1 4 0 2 0 0 =2
0 1 4 1 0 0 0 =6
0 1 4 1 0 0 1 =1
0 1 4 1 1 0 0 =2
0 1 4 2 0 0 0 =1
0 1 5 0 0 0 0 =8
0 1 5 1 0 0 0 =1
0 1 5 1 0 0 1 =2
0 10 0 0 0 0 0 =22
0 10 0 0 0 0 1 =1
0 10 1 0 0 0 0 =18
0 10 1 0 0 0 1 =1
0 10 1 0 0 1 0 =2
0 10 1 1 0 0 0 =1
0 10 2 0 0 0 0 =25
0 10 2 0 0 0 1 =5
0 10 2 0 1 0 0 =1
0 10 2 1 0 0 0 =2
0 10 3 0 0 0 0 =2
0 10 4 0 0 0 0 =1
0 11 0 0 0 0 0 =5
0 11 1 0 0 0 0 =1
0 11 1 0 0 1 0 =1
0 11 1 1 0 0 0 =1
0 11 2 0 0 0 0 =10
0 11 3 0 0 0 0 =1
0 12 2 0 0 0 0 =4
0 13 2 0 0 0 0 =1
0 2 0 0 0 0 0 =131130
0 2 0 0 0 0 1 =12014
0 2 0 0 0 0 2 =1200
0 2 0 0 0 0 3 =1
0 2 0 0 0 1 0 =52384
0 2 0 0 0 1 1 =189
0 2 0 0 0 1 2 =26
0 2 0 0 0 2 0 =329
0 2 0 0 0 2 1 =1
0 2 0 0 0 3 0 =5
0 2 0 0 1 0 0 =12008
0 2 0 0 1 0 1 =22
0 2 0 0 1 1 0 =197
0 2 0 0 1 2 0 =1
0 2 0 0 2 0 0 =1158
0 2 0 0 2 1 0 =20
0 2 0 1 0 0 0 =11577
0 2 0 1 0 0 1 =15
0 2 0 1 0 1 0 =221
0 2 0 1 0 2 0 =1
0 2 0 1 1 0 0 =18
0 2 0 2 0 0 0 =1093
0 2 0 2 0 1 0 =28
0 2 1 0 0 0 0 =10282
0 2 1 0 0 0 1 =1240
0 2 1 0 0 0 2 =58
0 2 1 0 0 1 0 =792
0 2 1 0 0 1 1 =25
0 2 1 0 0 1 2 =2
0 2 1 0 0 2 0 =7
0 2 1 0 1 0 0 =1366
0 2 1 0 1 0 1 =72
0 2 1 0 1 0 2 =1
0 2 1 0 1 1 0 =21
0 2 1 0 1 1 1 =2
0 2 1 0 2 0 0 =54
0 2 1 0 2 0 1 =1
0 2 1 0 2 1 0 =1
0 2 1 1 0 0 0 =1238
0 2 1 1 0 0 1 =93
0 2 1 1 0 1 0 =27
0 2 1 1 0 1 1 =1
0 2 1 1 1 0 0 =88
0 2 1 1 1 0 1 =1
0 2 1 1 1 1 0 =2
0 2 1 1 2 0 0 =1
0 2 1 2 0 0 0 =63
0 2 1 2 0 1 0 =2
0 2 1 2 1 0 0 =1
0 2 1 3 0 0 0 =1
0 2 2 0 0 0 0 =9503
0 2 2 0 0 0 1 =2808
0 2 2 0 0 0 2 =92
0 2 2 0 0 1 0 =274
0 2 2 0 0 1 1 =39
0 2 2 0 0 1 2 =3
0 2 2 0 0 2 0 =3
0 2 2 0 0 2 1 =1
0 2 2 0 1 0 0 =2720
0 2 2 0 1 0 1 =176
0 2 2 0 1 0 2 =1
0 2 2 0 1 1 0 =44
0 2 2 0 2 0 0 =102
0 2 2 0 2 0 1 =1
0 2 2 0 2 1 0 =3
0 2 2 1 0 0 0 =2628
0 2 2 1 0 0 1 =151
0 2 2 1 0 1 0 =31
0 2 2 1 0 1 1 =4
0 2 2 1 0 2 0 =1
0 2 2 1 1 0 0 =172
0 2 2 1 1 0 1 =1
0 2 2 1 1 1 0 =1
0 2 2 1 2 0 0 =1
0 2 2 2 0 0 0 =93
0 2 2 2 0 1 0 =3
0 2 2 2 1 0 0 =1
0 2 2 3 0 0 0 =1
0 2 3 0 0 0 0 =622
0 2 3 0 0 0 1 =172
0 2 3 0 0 0 2 =5
0 2 3 0 0 1 0 =19
0 2 3 0 0 1 1 =2
0 2 3 0 1 0 0 =180
0 2 3 0 1 0 1 =11
0 2 3 0 1 1 0 =4
0 2 3 0 2 0 0 =7
0 2 3 1 0 0 0 =166
0 2 3 1 0 0 1 =8
0 2 3 1 0 1 0 =4
0 2 3 1 1 0 0 =12
0 2 3 1 1 1 0 =1
0 2 3 2 0 0 0 =12
0 2 4 0 0 0 0 =68
0 2 4 0 0 0 1 =15
0 2 4 0 0 1 0 =1
0 2 4 0 1 0 0 =11
0 2 4 0 1 0 1 =3
0 2 4 0 2 0 0 =2
0 2 4 1 0 0 0 =7
0 2 4 1 0 0 1 =1
0 2 5 0 0 0 0 =8
0 2 5 0 0 0 1 =1
0 2 5 0 1 0 0 =2
0 2 6 0 0 0 0 =1
0 3 0 0 0 0 0 =156476
0 3 0 0 0 0 1 =4436
0 3 0 0 0 0 2 =439
0 3 0 0 0 1 0 =18659
0 3 0 0 0 1 1 =71
0 3 0 0 0 1 2 =8
0 3 0 0 0 2 0 =119
0 3 0 0 1 0 0 =4153
0 3 0 0 1 0 1 =5
0 3 0 0 1 1 0 =61
0 3 0 0 2 0 0 =427
0 3 0 0 2 0 1 =1
0 3 0 0 2 1 0 =6
0 3 0 0 2 2 0 =2
0 3 0 1 0 0 0 =4124
0 3 0 1 0 0 1 =4
0 3 0 1 0 1 0 =64
0 3 0 1 0 2 0 =1
0 3 0 1 1 0 0 =8
0 3 0 2 0 0 0 =366
0 3 0 2 0 1 0 =5
0 3 1 0 0 0 0 =8965
0 3 1 0 0 0 1 =926
0 3 1 0 0 0 2 =30
0 3 1 0 0 1 0 =336
0 3 1 0 0 1 1 =14
0 3 1 0 0 1 2 =1
0 3 1 0 0 2 0 =3
0 3 1 0 0 2 1 =1
0 3 1 0 1 0 0 =937
0 3 1 0 1 0 1 =35
0 3 1 0 1 0 2 =1
0 3 1 0 1 1 0 =14
0 3 1 0 1 1 1 =1
0 3 1 0 2 0 0 =31
0 3 1 0 2 0 1 =1
0 3 1 1 0 0 0 =938
0 3 1 1 0 0 1 =44
0 3 1 1 0 1 0 =8
0 3 1 1 1 0 0 =47
0 3 1 1 1 0 1 =1
0 3 1 1 1 1 0 =3
0 3 1 1 2 0 0 =1
0 3 1 2 0 0 0 =27
0 3 1 2 0 0 1 =1
0 3 1 2 0 1 0 =1
0 3 2 0 0 0 0 =11148
0 3 2 0 0 0 1 =2077
0 3 2 0 0 0 2 =41
0 3 2 0 0 1 0 =167
0 3 2 0 0 1 1 =26
0 3 2 0 0 1 2 =1
0 3 2 0 0 2 0 =1
0 3 2 0 0 2 1 =1
0 3 2 0 1 0 0 =2022
0 3 2 0 1 0 1 =72
0 3 2 0 1 1 0 =33
0 3 2 0 1 1 1 =3
0 3 2 0 2 0 0 =44
0 3 2 0 2 1 0 =3
0 3 2 1 0 0 0 =1970
0 3 2 1 0 0 1 =73
0 3 2 1 0 1 0 =27
0 3 2 1 1 0 0 =64
0 3 2 1 1 0 1 =1
0 3 2 1 1 1 0 =1
0 3 2 1 2 0 0 =1
0 3 2 2 0 0 0 =43
0 3 2 2 0 1 0 =2
0 3 3 0 0 0 0 =716
0 3 3 0 0 0 1 =126
0 3 3 0 0 0 2 =3
0 3 3 0 0 1 0 =16
0 3 3 0 1 0 0 =131
0 3 3 0 1 0 1 =7
0 3 3 0 1 1 0 =2
0 3 3 0 1 1 1 =1
0 3 3 0 2 0 0 =2
0 3 3 1 0 0 0 =126
0 3 3 1 0 0 1 =3
0 3 3 1 0 1 0 =1
0 3 3 1 1 0 0 =7
0 3 3 2 0 0 0 =1
0 3 4 0 0 0 0 =54
0 3 4 0 0 0 1 =6
0 3 4 0 1 0 0 =8
0 3 4 0 1 0 1 =1
0 3 4 0 2 0 0 =1
0 3 4 1 0 0 0 =12
0 3 5 0 0 0 0 =2
0 3 5 0 0 0 1 =2
0 4 0 0 0 0 0 =87411
0 4 0 0 0 0 1 =1201
0 4 0 0 0 0 2 =111
0 4 0 0 0 1 0 =5237
0 4 0 0 0 1 1 =12
0 4 0 0 0 1 2 =2
0 4 0 0 0 2 0 =42
0 4 0 0 1 0 0 =1216
0 4 0 0 1 0 1 =2
0 4 0 0 1 1 0 =12
0 4 0 0 2 0 0 =103
0 4 0 0 2 1 0 =3
0 4 0 1 0 0 0 =1161
0 4 0 1 0 0 1 =4
0 4 0 1 0 1 0 =23
0 4 0 1 1 0 0 =2
0 4 0 1 1 0 1 =1
0 4 0 2 0 0 0 =90
0 4 1 0 0 0 0 =6426
0 4 1 0 0 0 1 =435
0 4 1 0 0 0 2 =3
0 4 1 0 0 1 0 =133
0 4 1 0 0 1 1 =8
0 4 1 0 0 2 0 =2
0 4 1 0 1 0 0 =501
0 4 1 0 1 0 1 =20
0 4 1 0 1 1 0 =4
0 4 1 0 2 0 0 =8
0 4 1 1 0 0 0 =456
0 4 1 1 0 0 1 =11
0 4 1 1 0 1 0 =8
0 4 1 1 1 0 0 =13
0 4 1 2 0 0 0 =6
0 4 2 0 0 0 0 =10740
0 4 2 0 0 0 1 =1044
0 4 2 0 0 0 2 =9
0 4 2 0 0 1 0 =150
0 4 2 0 0 1 1 =10
0 4 2 0 0 2 0 =1
0 4 2 0 0 2 1 =1
0 4 2 0 1 0 0 =1034
0 4 2 0 1 0 1 =28
0 4 2 0 1 1 0 =19
0 4 2 0 2 0 0 =14
0 4 2 0 2 1 0 =1
0 4 2 1 0 0 0 =956
0 4 2 1 0 0 1 =11
0 4 2 1 0 1 0 =9
0 4 2 1 1 0 0 =28
0 4 2 1 2 0 0 =1
0 4 2 2 0 0 0 =14
0 4 3 0 0 0 0 =663
0 4 3 0 0 0 1 =58
0 4 3 0 0 1 0 =6
0 4 3 0 0 1 1 =3
0 4 3 0 1 0 0 =61
0 4 3 0 1 0 1 =2
0 4 3 1 0 0 0 =65
0 4 3 1 0 0 1 =2
0 4 3 1 0 1 0 =1
0 4 4 0 0 0 0 =53
0 4 4 0 0 0 1 =3
0 4 4 0 0 0 2 =1
0 4 4 0 1 0 0 =11
0 4 4 1 0 0 0 =5
0 4 4 2 0 0 0 =1
0 4 5 0 0 0 0 =8
0 5 0 0 0 0 0 =31846
0 5 0 0 0 0 1 =309
0 5 0 0 0 0 2 =32
0 5 0 0 0 1 0 =1257
0 5 0 0 0 1 1 =6
0 5 0 0 0 2 0 =9
0 5 0 0 1 0 0 =296
0 5 0 0 1 0 1 =2
0 5 0 0 1 1 0 =1
0 5 0 0 1 2 0 =1
0 5 0 0 2 0 0 =22
0 5 0 0 2 1 0 =1
0 5 0 1 0 0 0 =263
0 5 0 1 0 0 1 =1
0 5 0 1 0 1 0 =3
0 5 0 2 0 0 0 =24
0 5 0 2 0 1 0 =1
0 5 1 0 0 0 0 =3554
0 5 1 0 0 0 1 =207
0 5 1 0 0 0 2 =4
0 5 1 0 0 1 0 =49
0 5 1 0 0 1 1 =3
0 5 1 0 1 0 0 =202
0 5 1 0 1 0 1 =2
0 5 1 0 1 1 0 =3
0 5 1 0 2 0 0 =2
0 5 1 1 0 0 0 =177
0 5 1 1 0 0 1 =7
0 5 1 1 0 1 0 =3
0 5 1 1 1 0 0 =9
0 5 1 2 0 0 0 =7
0 5 2 0 0 0 0 =6876
0 5 2 0 0 0 1 =382
0 5 2 0 0 0 2 =5
0 5 2 0 0 1 0 =76
0 5 2 0 0 1 1 =8
0 5 2 0 0 2 0 =1
0 5 2 0 1 0 0 =408
0 5 2 0 1 0 1 =9
0 5 2 0 1 1 0 =2
0 5 2 0 1 1 1 =1
0 5 2 0 2 0 0 =4
0 5 2 1 0 0 0 =356
0 5 2 1 0 0 1 =9
0 5 2 1 0 1 0 =3
0 5 2 1 1 0 0 =8
0 5 2 2 0 0 0 =6
0 5 3 0 0 0 0 =441
0 5 3 0 0 0 1 =25
0 5 3 0 0 1 0 =2
0 5 3 0 0 1 1 =1
0 5 3 0 1 0 0 =26
0 5 3 0 1 0 1 =1
0 5 3 1 0 0 0 =21
0 5 3 1 1 0 0 =3
0 5 4 0 0 0 0 =26
0 5 4 0 0 0 1 =1
0 5 4 0 1 0 0 =2
0 5 4 1 0 0 0 =1
0 5 5 1 0 0 1 =1
0 6 0 0 0 0 0 =8771
0 6 0 0 0 0 1 =55
0 6 0 0 0 0 2 =7
0 6 0 0 0 1 0 =320
0 6 0 0 0 2 0 =2
0 6 0 0 1 0 0 =58
0 6 0 0 1 1 0 =1
0 6 0 0 2 0 0 =6
0 6 0 1 0 0 0 =61
0 6 0 1 0 1 0 =1
0 6 0 1 1 0 0 =1
0 6 0 2 0 0 0 =13
0 6 1 0 0 0 0 =1581
0 6 1 0 0 0 1 =75
0 6 1 0 0 0 2 =1
0 6 1 0 0 1 0 =18
0 6 1 0 0 1 1 =1
0 6 1 0 1 0 0 =56
0 6 1 0 1 0 1 =1
0 6 1 0 1 1 0 =2
0 6 1 1 0 0 0 =69
0 6 1 1 0 0 1 =1
0 6 1 1 0 1 0 =1
0 6 1 1 1 0 0 =2
0 6 1 2 0 0 0 =1
0 6 2 0 0 0 0 =3215
0 6 2 0 0 0 1 =131
0 6 2 0 0 1 0 =30
0 6 2 0 0 1 1 =2
0 6 2 0 0 2 0 =1
0 6 2 0 1 0 0 =120
0 6 2 0 1 0 1 =3
0 6 2 0 1 1 0 =2
0 6 2 0 2 0 0 =2
0 6 2 1 0 0 0 =107
0 6 2 1 0 1 0 =1
0 6 2 1 1 0 0 =4
0 6 3 0 0 0 0 =195
0 6 3 0 0 0 1 =7
0 6 3 0 0 1 0 =1
0 6 3 0 1 0 0 =6
0 6 3 1 0 0 0 =6
0 6 3 1 1 0 0 =1
0 6 4 0 0 0 0 =17
0 6 4 0 0 0 1 =1
0 6 4 0 1 0 0 =1
0 6 5 0 0 0 0 =1
0 6 5 0 0 1 0 =1
0 7 0 0 0 0 0 =2091
0 7 0 0 0 0 1 =13
0 7 0 0 0 0 2 =1
0 7 0 0 0 1 0 =60
0 7 0 0 0 2 0 =1
0 7 0 0 1 0 0 =14
0 7 0 0 1 1 0 =1
0 7 0 0 2 0 0 =1
0 7 0 1 0 0 0 =15
0 7 0 1 0 1 0 =1
0 7 1 0 0 0 0 =600
0 7 1 0 0 0 1 =18
0 7 1 0 0 1 0 =8
0 7 1 0 0 1 1 =1
0 7 1 0 1 0 0 =16
0 7 1 1 0 0 0 =25
0 7 1 1 0 0 1 =1
0 7 2 0 0 0 0 =1210
0 7 2 0 0 0 1 =48
0 7 2 0 0 1 0 =19
0 7 2 0 0 1 1 =1
0 7 2 0 1 0 0 =36
0 7 2 0 1 1 0 =1
0 7 2 1 0 0 0 =38
0 7 2 1 0 0 1 =1
0 7 2 1 0 1 0 =1
0 7 3 0 0 0 0 =68
0 7 3 0 0 0 1 =3
0 7 3 0 0 1 0 =1
0 7 3 0 1 0 0 =4
0 7 3 1 0 0 0 =1
0 7 4 0 0 0 0 =11
0 7 5 0 0 0 0 =1
0 8 0 0 0 0 0 =475
0 8 0 0 0 0 1 =2
0 8 0 0 0 1 0 =13
0 8 0 0 1 0 0 =2
0 8 0 1 0 0 0 =3
0 8 1 0 0 0 0 =200
0 8 1 0 0 0 1 =8
0 8 1 0 0 1 0 =3
0 8 1 0 1 0 0 =6
0 8 1 1 0 0 0 =5
0 8 1 1 0 1 0 =1
0 8 2 0 0 0 0 =379
0 8 2 0 0 0 1 =13
0 8 2 0 0 1 0 =3
0 8 2 0 1 0 0 =17
0 8 2 0 1 1 0 =1
0 8 2 1 0 0 0 =12
0 8 3 0 0 0 0 =20
0 8 3 1 0 0 0 =3
0 8 3 1 0 1 0 =1
0 8 4 0 0 0 0 =2
0 9 0 0 0 0 0 =90
0 9 0 0 0 1 0 =1
0 9 0 0 1 0 0 =2
0 9 0 1 0 0 0 =1
0 9 1 0 0 0 0 =60
0 9 1 0 0 0 1 =1
0 9 1 0 0 1 0 =2
0 9 1 0 1 0 0 =4
0 9 2 0 0 0 0 =117
0 9 2 0 0 0 1 =3
0 9 2 0 0 1 0 =1
0 9 2 0 1 0 0 =4
0 9 2 1 0 0 0 =4
0 9 3 0 0 0 0 =7
0 9 3 0 0 0 1 =1
0 9 4 0 0 0 0 =2
1 0 0 0 0 0 0 =138
1 0 0 0 0 0 1 =48
1 0 0 0 0 1 0 =50
1 0 0 0 0 1 1 =1
1 0 0 0 1 0 0 =52
1 0 0 0 1 1 0 =3
1 0 0 0 2 0 0 =1
1 0 0 0 2 1 0 =1
1 0 0 1 0 0 0 =45
1 0 0 1 0 1 0 =2
1 0 1 0 0 0 0 =55
1 0 1 0 0 0 1 =5
1 0 1 0 0 1 0 =4
1 0 1 0 0 1 1 =1
1 0 1 0 1 0 0 =5
1 0 1 0 1 0 1 =2
1 0 1 0 1 1 0 =1
1 0 1 1 0 0 0 =4
1 0 1 1 0 0 1 =2
1 0 1 1 1 0 0 =4
1 0 1 2 0 0 0 =2
1 0 2 0 0 0 0 =18
1 0 2 0 0 0 1 =9
1 0 2 0 0 0 2 =3
1 0 2 0 0 1 0 =1
1 0 2 0 1 0 0 =4
1 0 2 0 1 0 1 =2
1 0 2 0 2 0 0 =1
1 0 2 1 0 0 0 =3
1 0 2 1 0 0 1 =2
1 0 2 1 1 0 0 =4
1 0 2 2 0 0 0 =2
1 0 2 2 0 1 0 =1
1 0 3 0 0 0 0 =2
1 0 3 0 0 0 1 =1
1 0 3 0 1 0 0 =2
1 0 3 0 1 0 1 =1
1 0 3 1 1 0 0 =1
1 0 3 2 0 0 0 =1
1 0 4 0 0 0 0 =2
1 1 0 0 0 0 0 =2376
1 1 0 0 0 0 1 =350
1 1 0 0 0 1 0 =66
1 1 0 0 0 1 1 =4
1 1 0 0 1 0 0 =317
1 1 0 0 1 1 0 =3
1 1 0 0 2 0 0 =3
1 1 0 1 0 0 0 =277
1 1 0 1 0 1 0 =4
1 1 0 2 0 0 0 =1
1 1 1 0 0 0 0 =103
1 1 1 0 0 0 1 =22
1 1 1 0 0 1 0 =3
1 1 1 0 0 1 1 =1
1 1 1 0 1 0 0 =32
1 1 1 0 1 0 1 =3
1 1 1 0 2 0 0 =2
1 1 1 1 0 0 0 =13
1 1 1 1 0 0 1 =3
1 1 1 1 0 1 0 =2
1 1 1 1 0 1 1 =1
1 1 1 1 1 0 0 =2
1 1 1 2 0 0 0 =2
1 1 2 0 0 0 0 =64
1 1 2 0 0 0 1 =40
1 1 2 0 0 0 2 =5
1 1 2 0 0 1 0 =1
1 1 2 0 1 0 0 =19
1 1 2 0 1 0 1 =5
1 1 2 0 1 1 1 =1
1 1 2 0 2 0 0 =3
1 1 2 1 0 0 0 =22
1 1 2 1 0 0 1 =4
1 1 2 1 1 0 0 =5
1 1 2 2 0 0 0 =5
1 1 3 0 0 0 0 =7
1 1 3 0 0 0 1 =3
1 1 3 0 1 0 0 =2
1 1 3 0 2 0 0 =1
1 1 3 1 0 0 1 =1
1 1 5 0 1 0 0 =1
1 10 0 1 0 0 0 =1
1 10 1 1 0 1 0 =1
1 2 0 0 0 0 0 =2502
1 2 0 0 0 0 1 =311
1 2 0 0 0 1 0 =38
1 2 0 0 0 1 1 =5
1 2 0 0 0 2 0 =1
1 2 0 0 1 0 0 =293
1 2 0 0 1 1 0 =8
1 2 0 0 2 0 0 =1
1 2 0 1 0 0 0 =321
1 2 0 1 0 0 1 =1
1 2 0 1 0 1 0 =3
1 2 0 1 1 0 0 =1
1 2 0 2 0 0 0 =1
1 2 1 0 0 0 0 =130
1 2 1 0 0 0 1 =30
1 2 1 0 0 0 2 =1
1 2 1 0 0 1 0 =1
1 2 1 0 1 0 0 =40
1 2 1 0 1 0 1 =1
1 2 1 1 0 0 0 =24
1 2 1 1 0 0 1 =2
1 2 1 1 0 1 0 =1
1 2 1 1 1 0 0 =5
1 2 2 0 0 0 0 =102
1 2 2 0 0 0 1 =45
1 2 2 0 0 1 0 =2
1 2 2 0 0 1 1 =4
1 2 2 0 1 0 0 =50
1 2 2 0 1 0 1 =4
1 2 2 0 1 0 2 =1
1 2 2 0 1 1 0 =1
1 2 2 0 2 0 0 =2
1 2 2 1 0 0 0 =29
1 2 2 1 0 0 1 =1
1 2 2 1 0 1 0 =1
1 2 2 1 0 1 1 =1
1 2 2 1 1 0 0 =4
1 2 2 1 1 1 0 =1
1 2 2 2 0 0 0 =2
1 2 2 2 0 1 0 =1
1 2 3 0 0 0 0 =4
1 2 3 0 0 0 1 =1
1 2 3 0 1 0 0 =1
1 2 3 0 1 1 0 =1
1 2 3 1 0 0 0 =1
1 2 3 1 0 1 0 =1
1 2 4 0 0 0 0 =3
1 2 4 1 0 0 0 =2
1 3 0 0 0 0 0 =1301
1 3 0 0 0 0 1 =177
1 3 0 0 0 1 0 =26
1 3 0 0 0 1 1 =7
1 3 0 0 0 2 0 =2
1 3 0 0 0 2 1 =1
1 3 0 0 1 0 0 =182
1 3 0 0 1 1 0 =3
1 3 0 1 0 0 0 =169
1 3 0 1 0 1 0 =2
1 3 0 1 1 0 0 =1
1 3 1 0 0 0 0 =85
1 3 1 0 0 0 1 =35
1 3 1 0 0 0 2 =1
1 3 1 0 0 1 0 =2
1 3 1 0 1 0 0 =31
1 3 1 0 1 0 1 =4
1 3 1 0 1 1 0 =3
1 3 1 0 2 0 0 =1
1 3 1 1 0 0 0 =31
1 3 1 1 0 0 1 =2
1 3 1 1 1 0 0 =2
1 3 1 2 0 0 0 =2
1 3 2 0 0 0 0 =106
1 3 2 0 0 0 1 =43
1 3 2 0 0 0 2 =1
1 3 2 0 0 1 0 =1
1 3 2 0 0 1 1 =1
1 3 2 0 1 0 0 =40
1 3 2 0 1 0 1 =6
1 3 2 0 1 1 0 =1
1 3 2 0 1 1 1 =1
1 3 2 0 2 0 0 =2
1 3 2 1 0 0 0 =42
1 3 2 1 0 0 1 =3
1 3 2 1 0 1 0 =2
1 3 2 1 1 0 0 =2
1 3 3 0 0 0 0 =7
1 3 3 0 0 0 1 =2
1 3 3 0 1 0 0 =2
1 3 3 1 0 0 0 =3
1 3 4 1 0 0 0 =1
1 4 0 0 0 0 0 =526
1 4 0 0 0 0 1 =79
1 4 0 0 0 1 0 =4
1 4 0 0 1 0 0 =70
1 4 0 0 1 1 0 =1
1 4 0 1 0 0 0 =70
1 4 0 1 0 1 0 =3
1 4 1 0 0 0 0 =52
1 4 1 0 0 0 1 =21
1 4 1 0 0 1 0 =2
1 4 1 0 0 1 1 =1
1 4 1 0 1 0 0 =18
1 4 1 0 1 0 1 =1
1 4 1 0 2 0 0 =1
1 4 1 1 0 0 0 =15
1 4 2 0 0 0 0 =62
1 4 2 0 0 0 1 =30
1 4 2 0 0 1 0 =1
1 4 2 0 1 0 0 =36
1 4 2 0 1 0 1 =2
1 4 2 0 1 1 0 =1
1 4 2 0 2 1 0 =1
1 4 2 1 0 0 0 =33
1 4 2 1 0 0 1 =3
1 4 2 2 0 0 0 =1
1 4 3 0 0 0 0 =4
1 4 3 0 0 0 1 =2
1 4 3 1 0 0 0 =4
1 5 0 0 0 0 0 =133
1 5 0 0 0 0 1 =19
1 5 0 0 0 1 0 =4
1 5 0 0 1 0 0 =32
1 5 0 1 0 0 0 =21
1 5 1 0 0 0 0 =18
1 5 1 0 0 0 1 =7
1 5 1 0 0 1 0 =2
1 5 1 0 1 0 0 =6
1 5 1 1 0 0 0 =7
1 5 2 0 0 0 0 =39
1 5 2 0 0 0 1 =16
1 5 2 0 0 1 0 =1
1 5 2 0 1 0 0 =13
1 5 2 0 1 0 1 =3
1 5 2 1 0 0 0 =13
1 5 2 1 0 0 1 =1
1 5 2 1 0 1 0 =1
1 5 2 1 0 1 1 =1
1 5 3 0 0 0 0 =2
1 5 3 0 0 0 1 =2
1 5 3 0 1 0 0 =1
1 5 3 1 0 0 0 =2
1 5 4 0 0 0 1 =1
1 6 0 0 0 0 0 =45
1 6 0 0 0 0 1 =6
1 6 0 0 0 1 0 =1
1 6 0 0 1 0 0 =8
1 6 0 1 0 0 0 =5
1 6 1 0 0 0 0 =12
1 6 1 0 1 0 0 =3
1 6 1 1 0 0 0 =5
1 6 1 1 1 0 0 =1
1 6 2 0 0 0 0 =8
1 6 2 0 0 0 1 =5
1 6 2 0 0 0 2 =1
1 6 2 0 1 0 0 =2
1 6 2 1 0 0 0 =9
1 6 2 1 1 0 0 =1
1 6 3 0 1 0 0 =1
1 6 3 1 0 0 0 =2
1 7 0 0 0 0 0 =8
1 7 0 0 0 0 1 =1
1 7 0 0 1 0 0 =2
1 7 0 1 0 0 0 =1
1 7 1 0 0 0 0 =2
1 7 2 0 0 0 0 =9
1 7 2 0 0 0 1 =1
1 7 2 0 0 1 0 =1
1 7 2 0 1 0 0 =2
1 7 2 1 0 0 0 =1
1 7 3 0 0 0 1 =2
1 8 0 0 0 0 0 =1
1 8 0 0 0 0 1 =1
1 8 1 0 0 0 0 =2
1 8 1 0 0 0 1 =1
1 8 2 0 0 0 0 =2
1 8 2 0 0 0 2 =1
1 8 2 0 1 0 0 =1
1 9 1 0 1 0 0 =1
1 9 2 1 1 0 0 =1
