0 0 0 0 0 0 0 =15981
0 0 0 0 0 0 1 =3238
0 0 0 0 0 0 2 =176
0 0 0 0 0 0 3 =2
0 0 0 0 0 1 0 =13062
0 0 0 0 0 1 1 =76
0 0 0 0 0 1 2 =18
0 0 0 0 0 2 0 =199
0 0 0 0 0 2 1 =1
0 0 0 0 0 3 0 =1
0 0 0 0 1 0 0 =3571
0 0 0 0 1 0 1 =25
0 0 0 0 1 0 2 =1
0 0 0 0 1 1 0 =64
0 0 0 0 1 1 1 =1
0 0 0 0 2 0 0 =494
0 0 0 0 2 1 0 =15
0 0 0 0 3 0 0 =1
0 0 0 1 0 0 0 =3408
0 0 0 1 0 0 1 =28
0 0 0 1 0 0 2 =2
0 0 0 1 0 1 0 =63
0 0 0 1 1 0 0 =26
0 0 0 1 1 0 1 =1
0 0 0 1 2 0 0 =3
0 0 0 2 0 0 0 =412
0 0 0 2 0 1 0 =12
0 0 0 2 1 0 0 =1
0 0 0 3 0 0 0 =1
0 0 1 0 0 0 0 =2422
0 0 1 0 0 0 1 =402
0 0 1 0 0 0 2 =144
0 0 1 0 0 1 0 =1881
0 0 1 0 0 1 1 =7
0 0 1 0 0 1 2 =4
0 0 1 0 0 2 0 =9
0 0 1 0 0 3 0 =1
0 0 1 0 1 0 0 =409
0 0 1 0 1 0 1 =130
0 0 1 0 1 0 2 =2
0 0 1 0 1 1 0 =13
0 0 1 0 1 1 1 =1
0 0 1 0 2 0 0 =176
0 0 1 0 2 1 0 =3
0 0 1 0 3 0 0 =1
0 0 1 1 0 0 0 =432
0 0 1 1 0 0 1 =132
0 0 1 1 0 0 2 =2
0 0 1 1 0 1 0 =15
0 0 1 1 0 1 1 =3
0 0 1 1 1 0 0 =116
0 0 1 1 1 0 1 =1
0 0 1 1 1 1 0 =2
0 0 1 2 0 0 0 =131
0 0 1 2 0 1 0 =3
0 0 1 2 1 0 0 =3
0 0 1 3 0 0 0 =1
0 0 2 0 0 0 0 =1642
0 0 2 0 0 0 1 =439
0 0 2 0 0 0 2 =218
0 0 2 0 0 0 3 =1
0 0 2 0 0 1 0 =514
0 0 2 0 0 1 1 =8
0 0 2 0 0 1 2 =6
0 0 2 0 0 2 0 =3
0 0 2 0 1 0 0 =394
0 0 2 0 1 0 1 =339
0 0 2 0 1 1 0 =7
0 0 2 0 1 1 1 =8
0 0 2 0 2 0 0 =193
0 0 2 0 2 0 1 =1
0 0 2 0 2 1 0 =4
0 0 2 1 0 0 0 =426
0 0 2 1 0 0 1 =310
0 0 2 1 0 1 0 =12
0 0 2 1 0 1 1 =8
0 0 2 1 1 0 0 =350
0 0 2 1 1 0 1 =1
0 0 2 1 1 1 0 =6
0 0 2 1 2 0 0 =1
0 0 2 2 0 0 0 =165
0 0 2 2 0 0 1 =1
0 0 2 2 0 1 0 =2
0 0 2 2 0 2 0 =1
0 0 2 2 1 0 0 =1
0 0 3 0 0 0 0 =478
0 0 3 0 0 0 1 =26
0 0 3 0 0 0 2 =11
0 0 3 0 0 1 0 =24
0 0 3 0 0 1 1 =1
0 0 3 0 1 0 0 =20
0 0 3 0 1 0 1 =19
0 0 3 0 1 1 0 =1
0 0 3 0 1 1 1 =1
0 0 3 0 2 0 0 =12
0 0 3 1 0 0 0 =21
0 0 3 1 0 0 1 =18
0 0 3 1 0 1 0 =1
0 0 3 1 1 0 0 =20
0 0 3 1 1 1 0 =1
0 0 3 2 0 0 0 =12
0 0 4 0 0 0 0 =121
0 0 4 0 0 0 1 =1
0 0 4 0 0 1 0 =1
0 0 4 0 1 0 0 =2
0 0 4 0 2 0 0 =1
0 0 4 1 0 0 0 =2
0 0 4 1 0 0 1 =3
0 0 4 2 0 0 0 =2
0 0 5 0 0 0 0 =7
0 1 0 0 0 0 0 =79987
0 1 0 0 0 0 1 =19094
0 1 0 0 0 0 2 =2023
0 1 0 0 0 1 0 =85118
0 1 0 0 0 1 1 =300
0 1 0 0 0 1 2 =39
0 1 0 0 0 2 0 =539
0 1 0 0 0 2 1 =2
0 1 0 0 0 3 0 =4
0 1 0 0 1 0 0 =18524
0 1 0 0 1 0 1 =26
0 1 0 0 1 1 0 =284
0 1 0 0 1 2 0 =2
0 1 0 0 2 0 0 =1876
0 1 0 0 2 1 0 =29
0 1 0 0 3 0 0 =1
0 1 0 1 0 0 0 =18093
0 1 0 1 0 0 1 =31
0 1 0 1 0 1 0 =268
0 1 0 1 0 2 0 =1
0 1 0 1 1 0 0 =21
0 1 0 1 1 0 1 =1
0 1 0 1 1 1 0 =1
0 1 0 1 2 0 0 =1
0 1 0 2 0 0 0 =1698
0 1 0 2 0 1 0 =32
0 1 0 2 1 0 0 =2
0 1 0 2 2 0 0 =1
0 1 0 3 0 0 0 =1
0 1 1 0 0 0 0 =8827
0 1 1 0 0 0 1 =1156
0 1 1 0 0 0 2 =143
0 1 1 0 0 1 0 =1715
0 1 1 0 0 1 1 =21
0 1 1 0 0 1 2 =2
0 1 1 0 0 2 0 =10
0 1 1 0 1 0 0 =1052
0 1 1 0 1 0 1 =147
0 1 1 0 1 0 2 =1
0 1 1 0 1 1 0 =12
0 1 1 0 1 1 1 =1
0 1 1 0 1 2 0 =1
0 1 1 0 2 0 0 =123
0 1 1 0 2 0 1 =3
0 1 1 0 2 1 0 =1
0 1 1 1 0 0 0 =1013
0 1 1 1 0 0 1 =137
0 1 1 1 0 1 0 =23
0 1 1 1 0 1 1 =2
0 1 1 1 0 2 0 =2
0 1 1 1 1 0 0 =138
0 1 1 1 1 0 1 =2
0 1 1 1 1 1 0 =1
0 1 1 1 1 2 0 =1
0 1 1 1 2 0 0 =1
0 1 1 2 0 0 0 =112
0 1 1 2 0 0 1 =2
0 1 1 2 0 1 0 =6
0 1 1 2 1 0 0 =1
0 1 1 3 0 0 0 =1
0 1 2 0 0 0 0 =7886
0 1 2 0 0 0 1 =1508
0 1 2 0 0 0 2 =190
0 1 2 0 0 1 0 =464
0 1 2 0 0 1 1 =27
0 1 2 0 0 1 2 =5
0 1 2 0 0 2 0 =2
0 1 2 0 1 0 0 =1513
0 1 2 0 1 0 1 =323
0 1 2 0 1 0 2 =2
0 1 2 0 1 1 0 =22
0 1 2 0 1 1 1 =6
0 1 2 0 1 2 1 =1
0 1 2 0 2 0 0 =187
0 1 2 0 2 0 1 =1
0 1 2 0 2 1 0 =6
0 1 2 1 0 0 0 =1440
0 1 2 1 0 0 1 =318
0 1 2 1 0 0 2 =1
0 1 2 1 0 1 0 =24
0 1 2 1 0 1 1 =4
0 1 2 1 1 0 0 =307
0 1 2 1 1 1 0 =4
0 1 2 1 2 0 0 =3
0 1 2 2 0 0 0 =135
0 1 2 2 0 1 0 =1
0 1 2 2 1 0 0 =1
0 1 2 2 1 1 0 =1
0 1 3 0 0 0 0 =589
0 1 3 0 0 0 1 =111
0 1 3 0 0 0 2 =7
0 1 3 0 0 1 0 =24
0 1 3 0 0 1 1 =3
0 1 3 0 1 0 0 =98
0 1 3 0 1 0 1 =24
0 1 3 0 1 1 0 =2
0 1 3 0 1 1 1 =1
0 1 3 0 2 0 0 =7
0 1 3 1 0 0 0 =99
0 1 3 1 0 0 1 =19
0 1 3 1 0 1 0 =1
0 1 3 1 1 0 0 =16
0 1 3 2 0 0 0 =13
0 1 3 2 0 1 0 =1
0 1 4 0 0 0 0 =101
0 1 4 0 0 0 1 =6
0 1 4 0 0 1 0 =1
0 1 4 0 1 0 0 =10
0 1 4 0 1 0 1 =3
0 1 4 0 1 1 0 =1
0 1 4 0 2 0 0 =2
0 1 4 1 0 0 0 =7
0 1 4 1 0 0 1 =3
0 1 4 2 0 0 0 =2
0 1 5 0 0 0 0 =2
0 1 5 1 0 0 0 =2
0 1 6 0 0 0 0 =1
0 10 0 0 0 0 0 =14
0 10 0 0 0 0 1 =1
0 10 1 0 0 0 0 =20
0 10 1 0 0 1 0 =1
0 10 1 0 1 0 0 =1
0 10 1 1 0 0 0 =1
0 10 2 0 0 0 0 =24
0 10 2 0 0 0 1 =1
0 10 2 0 1 0 0 =1
0 10 2 1 0 0 0 =2
0 10 3 0 0 0 0 =1
0 11 0 0 0 0 0 =5
0 11 1 0 0 0 0 =3
0 11 2 0 0 0 0 =7
0 11 2 0 0 1 0 =1
0 12 0 0 0 0 0 =1
0 12 1 0 0 0 0 =1
0 12 2 0 0 0 0 =2
0 12 2 0 0 0 1 =1
0 2 0 0 0 0 0 =131612
0 2 0 0 0 0 1 =12064
0 2 0 0 0 0 2 =1218
0 2 0 0 0 1 0 =52513
0 2 0 0 0 1 1 =179
0 2 0 0 0 1 2 =28
0 2 0 0 0 2 0 =353
0 2 0 0 0 3 0 =2
0 2 0 0 1 0 0 =11921
0 2 0 0 1 0 1 =16
0 2 0 0 1 1 0 =169
0 2 0 0 1 2 0 =4
0 2 0 0 2 0 0 =1213
0 2 0 0 2 1 0 =16
0 2 0 1 0 0 0 =11723
0 2 0 1 0 0 1 =9
0 2 0 1 0 0 2 =1
0 2 0 1 0 1 0 =175
0 2 0 1 1 0 0 =15
0 2 0 2 0 0 0 =1118
0 2 0 2 0 1 0 =22
0 2 0 3 0 0 0 =1
0 2 1 0 0 0 0 =10140
0 2 1 0 0 0 1 =1307
0 2 1 0 0 0 2 =61
0 2 1 0 0 0 3 =1
0 2 1 0 0 1 0 =800
0 2 1 0 0 1 1 =20
0 2 1 0 0 1 2 =1
0 2 1 0 0 2 0 =3
0 2 1 0 1 0 0 =1341
0 2 1 0 1 0 1 =82
0 2 1 0 1 0 2 =1
0 2 1 0 1 1 0 =23
0 2 1 0 1 1 1 =5
0 2 1 0 1 2 0 =1
0 2 1 0 2 0 0 =64
0 2 1 1 0 0 0 =1201
0 2 1 1 0 0 1 =80
0 2 1 1 0 1 0 =23
0 2 1 1 1 0 0 =65
0 2 1 1 1 0 1 =2
0 2 1 1 1 1 0 =2
0 2 1 2 0 0 0 =58
0 2 1 2 0 0 1 =1
0 2 1 2 0 1 0 =1
0 2 1 2 0 2 0 =1
0 2 1 2 1 0 0 =1
0 2 2 0 0 0 0 =9604
0 2 2 0 0 0 1 =2794
0 2 2 0 0 0 2 =94
0 2 2 0 0 1 0 =253
0 2 2 0 0 1 1 =39
0 2 2 0 0 2 0 =4
0 2 2 0 1 0 0 =2615
0 2 2 0 1 0 1 =175
0 2 2 0 1 1 0 =37
0 2 2 0 1 1 1 =3
0 2 2 0 1 2 0 =1
0 2 2 0 2 0 0 =102
0 2 2 0 2 1 0 =2
0 2 2 1 0 0 0 =2541
0 2 2 1 0 0 1 =187
0 2 2 1 0 1 0 =43
0 2 2 1 0 1 1 =3
0 2 2 1 1 0 0 =177
0 2 2 1 1 0 1 =2
0 2 2 1 1 1 0 =2
0 2 2 2 0 0 0 =86
0 2 2 2 0 1 0 =4
0 2 3 0 0 0 0 =599
0 2 3 0 0 0 1 =156
0 2 3 0 0 0 2 =7
0 2 3 0 0 1 0 =15
0 2 3 0 0 1 1 =3
0 2 3 0 1 0 0 =163
0 2 3 0 1 0 1 =8
0 2 3 0 1 1 0 =3
0 2 3 0 2 0 0 =8
0 2 3 0 2 1 0 =2
0 2 3 1 0 0 0 =165
0 2 3 1 0 0 1 =10
0 2 3 1 0 1 0 =2
0 2 3 1 1 0 0 =6
0 2 3 2 0 0 0 =6
0 2 4 0 0 0 0 =52
0 2 4 0 0 0 1 =15
0 2 4 0 1 0 0 =17
0 2 4 1 0 0 0 =14
0 2 4 1 0 0 1 =1
0 2 4 1 1 0 0 =2
0 2 4 2 0 0 0 =1
0 2 5 0 0 0 0 =6
0 2 5 0 0 0 1 =2
0 2 5 0 1 0 0 =2
0 2 5 0 1 0 1 =1
0 2 5 1 0 0 0 =1
0 2 6 0 0 0 0 =2
0 2 7 0 0 0 0 =1
0 3 0 0 0 0 0 =157268
0 3 0 0 0 0 1 =4322
0 3 0 0 0 0 2 =463
0 3 0 0 0 1 0 =19000
0 3 0 0 0 1 1 =76
0 3 0 0 0 1 2 =10
0 3 0 0 0 2 0 =112
0 3 0 0 0 2 1 =1
0 3 0 0 1 0 0 =4268
0 3 0 0 1 0 1 =8
0 3 0 0 1 0 2 =1
0 3 0 0 1 1 0 =67
0 3 0 0 1 2 0 =1
0 3 0 0 2 0 0 =407
0 3 0 0 2 1 0 =4
0 3 0 1 0 0 0 =4095
0 3 0 1 0 0 1 =5
0 3 0 1 0 0 2 =1
0 3 0 1 0 1 0 =66
0 3 0 1 1 0 0 =10
0 3 0 2 0 0 0 =374
0 3 0 2 0 1 0 =1
0 3 1 0 0 0 0 =8793
0 3 1 0 0 0 1 =956
0 3 1 0 0 0 2 =24
0 3 1 0 0 1 0 =325
0 3 1 0 0 1 1 =13
0 3 1 0 0 2 0 =3
0 3 1 0 1 0 0 =1026
0 3 1 0 1 0 1 =45
0 3 1 0 1 0 2 =1
0 3 1 0 1 1 0 =17
0 3 1 0 1 1 1 =1
0 3 1 0 2 0 0 =19
0 3 1 1 0 0 0 =864
0 3 1 1 0 0 1 =37
0 3 1 1 0 0 2 =1
0 3 1 1 0 1 0 =11
0 3 1 1 0 1 1 =1
0 3 1 1 1 0 0 =33
0 3 1 1 1 0 1 =1
0 3 1 1 1 1 0 =1
0 3 1 2 0 0 0 =21
0 3 1 2 0 0 1 =1
0 3 1 2 0 1 0 =2
0 3 1 2 1 0 0 =1
0 3 2 0 0 0 0 =11065
0 3 2 0 0 0 1 =2041
0 3 2 0 0 0 2 =34
0 3 2 0 0 1 0 =179
0 3 2 0 0 1 1 =27
0 3 2 0 0 1 2 =1
0 3 2 0 0 2 0 =1
0 3 2 0 0 2 1 =1
0 3 2 0 1 0 0 =2094
0 3 2 0 1 0 1 =70
0 3 2 0 1 1 0 =39
0 3 2 0 1 1 1 =2
0 3 2 0 2 0 0 =35
0 3 2 0 2 1 0 =1
0 3 2 1 0 0 0 =1970
0 3 2 1 0 0 1 =77
0 3 2 1 0 1 0 =26
0 3 2 1 0 1 1 =1
0 3 2 1 0 2 0 =2
0 3 2 1 1 0 0 =68
0 3 2 1 2 0 0 =1
0 3 2 2 0 0 0 =42
0 3 3 0 0 0 0 =737
0 3 3 0 0 0 1 =148
0 3 3 0 0 0 2 =4
0 3 3 0 0 1 0 =13
0 3 3 0 1 0 0 =126
0 3 3 0 1 0 1 =5
0 3 3 0 1 1 0 =1
0 3 3 0 2 0 0 =4
0 3 3 1 0 0 0 =133
0 3 3 1 0 0 1 =4
0 3 3 1 0 1 0 =1
0 3 3 1 1 0 0 =7
0 3 3 2 0 0 0 =1
0 3 4 0 0 0 0 =59
0 3 4 0 0 0 1 =8
0 3 4 0 1 0 0 =11
0 3 4 0 1 0 1 =1
0 3 4 0 1 1 0 =1
0 3 4 1 0 0 0 =14
0 3 5 0 0 0 0 =2
0 3 5 1 0 0 0 =1
0 3 6 0 0 0 0 =1
0 4 0 0 0 0 0 =87810
0 4 0 0 0 0 1 =1243
0 4 0 0 0 0 2 =136
0 4 0 0 0 1 0 =5292
0 4 0 0 0 1 1 =23
0 4 0 0 0 1 2 =5
0 4 0 0 0 2 0 =36
0 4 0 0 1 0 0 =1172
0 4 0 0 1 0 1 =2
0 4 0 0 1 0 2 =1
0 4 0 0 1 1 0 =11
0 4 0 0 1 2 0 =1
0 4 0 0 2 0 0 =113
0 4 0 0 2 1 0 =5
0 4 0 1 0 0 0 =1148
0 4 0 1 0 0 1 =1
0 4 0 1 0 1 0 =22
0 4 0 1 1 0 0 =4
0 4 0 2 0 0 0 =109
0 4 1 0 0 0 0 =6329
0 4 1 0 0 0 1 =442
0 4 1 0 0 0 2 =7
0 4 1 0 0 1 0 =132
0 4 1 0 0 1 1 =11
0 4 1 0 0 1 2 =1
0 4 1 0 0 2 0 =1
0 4 1 0 1 0 0 =489
0 4 1 0 1 0 1 =11
0 4 1 0 1 1 0 =1
0 4 1 0 1 2 0 =1
0 4 1 0 2 0 0 =7
0 4 1 1 0 0 0 =461
0 4 1 1 0 0 1 =12
0 4 1 1 0 1 0 =8
0 4 1 1 1 0 0 =15
0 4 1 1 1 0 1 =2
0 4 1 2 0 0 0 =9
0 4 2 0 0 0 0 =10580
0 4 2 0 0 0 1 =1050
0 4 2 0 0 0 2 =17
0 4 2 0 0 1 0 =110
0 4 2 0 0 1 1 =11
0 4 2 0 0 1 2 =1
0 4 2 0 1 0 0 =1009
0 4 2 0 1 0 1 =34
0 4 2 0 1 1 0 =15
0 4 2 0 2 0 0 =12
0 4 2 0 3 0 0 =1
0 4 2 1 0 0 0 =1002
0 4 2 1 0 0 1 =31
0 4 2 1 0 1 0 =11
0 4 2 1 1 0 0 =30
0 4 2 2 0 0 0 =10
0 4 2 2 0 0 1 =1
0 4 3 0 0 0 0 =730
0 4 3 0 0 0 1 =47
0 4 3 0 0 0 2 =1
0 4 3 0 0 1 0 =9
0 4 3 0 0 1 1 =1
0 4 3 0 1 0 0 =69
0 4 3 0 1 0 1 =2
0 4 3 0 1 1 0 =1
0 4 3 0 2 0 0 =1
0 4 3 1 0 0 0 =59
0 4 3 1 0 0 1 =2
0 4 3 1 1 0 0 =1
0 4 4 0 0 0 0 =64
0 4 4 0 0 0 1 =10
0 4 4 0 0 0 2 =1
0 4 4 0 0 1 0 =1
0 4 4 0 1 0 0 =4
0 4 4 1 0 0 0 =8
0 4 5 0 0 0 0 =2
0 4 5 0 1 0 0 =1
0 5 0 0 0 0 0 =31564
0 5 0 0 0 0 1 =285
0 5 0 0 0 0 2 =35
0 5 0 0 0 1 0 =1261
0 5 0 0 0 1 1 =6
0 5 0 0 0 1 2 =1
0 5 0 0 0 2 0 =5
0 5 0 0 1 0 0 =302
0 5 0 0 1 0 1 =1
0 5 0 0 1 1 0 =8
0 5 0 0 2 0 0 =33
0 5 0 1 0 0 0 =296
0 5 0 1 0 1 0 =4
0 5 0 1 1 0 0 =1
0 5 0 2 0 0 0 =19
0 5 0 2 0 1 0 =2
0 5 1 0 0 0 0 =3528
0 5 1 0 0 0 1 =178
0 5 1 0 0 0 2 =3
0 5 1 0 0 1 0 =49
0 5 1 0 0 1 1 =5
0 5 1 0 1 0 0 =198
0 5 1 0 1 0 1 =2
0 5 1 0 1 1 0 =2
0 5 1 0 2 0 0 =5
0 5 1 1 0 0 0 =185
0 5 1 1 0 0 1 =6
0 5 1 1 0 1 0 =3
0 5 1 1 1 0 0 =3
0 5 1 1 1 0 1 =1
0 5 1 1 1 1 0 =1
0 5 1 2 0 0 0 =2
0 5 2 0 0 0 0 =6901
0 5 2 0 0 0 1 =383
0 5 2 0 0 0 2 =4
0 5 2 0 0 1 0 =75
0 5 2 0 0 1 1 =7
0 5 2 0 0 2 0 =1
0 5 2 0 1 0 0 =387
0 5 2 0 1 0 1 =7
0 5 2 0 1 1 0 =9
0 5 2 0 1 1 1 =2
0 5 2 0 2 0 0 =6
0 5 2 1 0 0 0 =377
0 5 2 1 0 0 1 =9
0 5 2 1 0 1 0 =8
0 5 2 1 1 0 0 =9
0 5 2 2 0 0 0 =6
0 5 2 2 1 0 0 =1
0 5 3 0 0 0 0 =403
0 5 3 0 0 0 1 =19
0 5 3 0 0 1 0 =6
0 5 3 0 1 0 0 =24
0 5 3 1 0 0 0 =19
0 5 3 2 0 0 0 =1
0 5 4 0 0 0 0 =29
0 5 4 1 0 0 0 =3
0 5 5 0 0 0 0 =3
0 5 6 0 0 0 0 =1
0 6 0 0 0 0 0 =8871
0 6 0 0 0 0 1 =64
0 6 0 0 0 0 2 =4
0 6 0 0 0 1 0 =306
0 6 0 0 0 2 0 =3
0 6 0 0 1 0 0 =58
0 6 0 0 1 1 0 =1
0 6 0 0 2 0 0 =6
0 6 0 1 0 0 0 =62
0 6 0 1 0 1 0 =1
0 6 0 2 0 0 0 =11
0 6 1 0 0 0 0 =1590
0 6 1 0 0 0 1 =63
0 6 1 0 0 1 0 =17
0 6 1 0 0 1 1 =1
0 6 1 0 1 0 0 =76
0 6 1 0 2 0 0 =1
0 6 1 1 0 0 0 =60
0 6 1 1 0 0 1 =4
0 6 1 1 0 1 0 =4
0 6 1 1 1 0 0 =2
0 6 1 2 0 0 0 =2
0 6 2 0 0 0 0 =3267
0 6 2 0 0 0 1 =126
0 6 2 0 0 0 2 =1
0 6 2 0 0 1 0 =38
0 6 2 0 0 1 1 =2
0 6 2 0 0 2 0 =1
0 6 2 0 1 0 0 =124
0 6 2 0 1 0 1 =4
0 6 2 0 1 1 0 =1
0 6 2 1 0 0 0 =144
0 6 2 1 0 1 0 =1
0 6 2 1 1 0 0 =3
0 6 2 2 0 0 0 =1
0 6 3 0 0 0 0 =184
0 6 3 0 0 0 1 =6
0 6 3 0 1 0 0 =5
0 6 3 1 0 0 0 =9
0 6 4 0 0 0 0 =10
0 6 4 0 0 0 1 =1
0 6 4 0 1 0 0 =1
0 6 5 0 0 0 0 =1
0 7 0 0 0 0 0 =2082
0 7 0 0 0 0 1 =12
0 7 0 0 0 0 2 =1
0 7 0 0 0 1 0 =57
0 7 0 0 0 2 0 =1
0 7 0 0 1 0 0 =13
0 7 0 1 0 0 0 =13
0 7 0 2 0 0 0 =1
0 7 1 0 0 0 0 =602
0 7 1 0 0 0 1 =14
0 7 1 0 0 1 0 =8
0 7 1 0 1 0 0 =23
0 7 1 1 0 0 0 =19
0 7 1 1 0 0 1 =1
0 7 2 0 0 0 0 =1203
0 7 2 0 0 0 1 =37
0 7 2 0 0 1 0 =10
0 7 2 0 1 0 0 =48
0 7 2 0 1 0 1 =1
0 7 2 1 0 0 0 =39
0 7 2 1 1 0 0 =3
0 7 2 2 0 0 0 =1
0 7 3 0 0 0 0 =81
0 7 3 0 0 0 1 =1
0 7 3 0 0 1 0 =1
0 7 3 0 1 0 0 =1
0 7 3 1 0 0 0 =3
0 7 4 0 0 0 0 =3
0 8 0 0 0 0 0 =429
0 8 0 0 0 0 1 =3
0 8 0 0 0 1 0 =11
0 8 0 0 1 0 0 =4
0 8 0 0 2 0 0 =1
0 8 0 1 0 0 0 =5
0 8 1 0 0 0 0 =213
0 8 1 0 0 0 1 =9
0 8 1 0 0 1 0 =1
0 8 1 0 1 0 0 =7
0 8 1 1 0 0 0 =9
0 8 1 1 0 0 1 =1
0 8 2 0 0 0 0 =401
0 8 2 0 0 0 1 =13
0 8 2 0 0 0 2 =1
0 8 2 0 0 1 0 =4
0 8 2 0 1 0 0 =14
0 8 2 1 0 0 0 =11
0 8 3 0 0 0 0 =17
0 8 3 0 0 0 1 =2
0 8 3 1 0 0 0 =1
0 8 4 0 0 0 0 =3
0 9 0 0 0 0 0 =92
0 9 0 0 0 1 0 =1
0 9 0 1 0 0 0 =1
0 9 1 0 0 0 0 =55
0 9 1 0 0 0 1 =1
0 9 1 0 0 1 0 =1
0 9 1 1 0 0 0 =1
0 9 2 0 0 0 0 =97
0 9 2 0 0 0 1 =4
0 9 2 0 1 0 0 =3
0 9 2 1 0 0 0 =4
0 9 3 0 0 0 0 =5
0 9 4 0 0 0 1 =1
1 0 0 0 0 0 0 =126
1 0 0 0 0 0 1 =44
1 0 0 0 0 0 2 =2
1 0 0 0 0 1 0 =48
1 0 0 0 0 1 1 =1
1 0 0 0 1 0 0 =44
1 0 0 0 2 0 1 =1
1 0 0 1 0 0 0 =49
1 0 1 0 0 0 0 =58
1 0 1 0 0 0 1 =4
1 0 1 0 1 0 0 =8
1 0 1 0 1 0 1 =3
1 0 1 0 2 1 0 =1
1 0 1 1 0 0 0 =3
1 0 1 1 0 0 1 =3
1 0 1 2 0 0 0 =2
1 0 2 0 0 0 0 =29
1 0 2 0 0 0 1 =8
1 0 2 0 1 0 0 =4
1 0 2 0 1 0 1 =2
1 0 2 0 1 1 1 =1
1 0 2 0 2 0 0 =4
1 0 2 1 0 0 0 =4
1 0 2 1 0 0 1 =2
1 0 2 1 1 0 0 =4
1 0 2 2 0 0 0 =1
1 0 3 0 0 0 0 =3
1 0 3 0 0 0 1 =1
1 0 3 0 1 0 0 =1
1 0 4 0 0 0 0 =1
1 1 0 0 0 0 0 =2437
1 1 0 0 0 0 1 =330
1 1 0 0 0 0 2 =2
1 1 0 0 0 1 0 =56
1 1 0 0 0 1 1 =5
1 1 0 0 1 0 0 =319
1 1 0 0 1 0 1 =1
1 1 0 0 1 0 2 =1
1 1 0 0 1 1 0 =4
1 1 0 0 2 0 0 =3
1 1 0 1 0 0 0 =296
1 1 0 1 0 1 0 =9
1 1 0 1 1 0 0 =1
1 1 0 2 0 0 0 =1
1 1 1 0 0 0 0 =106
1 1 1 0 0 0 1 =23
1 1 1 0 0 0 2 =3
1 1 1 0 0 1 0 =6
1 1 1 0 1 0 0 =24
1 1 1 0 1 0 1 =6
1 1 1 0 1 1 1 =1
1 1 1 0 2 0 0 =2
1 1 1 1 0 0 0 =18
1 1 1 1 0 0 1 =2
1 1 1 1 0 1 0 =2
1 1 1 1 1 0 0 =2
1 1 1 1 1 0 1 =1
1 1 1 2 0 0 0 =1
1 1 2 0 0 0 0 =54
1 1 2 0 0 0 1 =34
1 1 2 0 0 0 2 =3
1 1 2 0 0 1 0 =1
1 1 2 0 1 0 0 =31
1 1 2 0 1 0 1 =6
1 1 2 0 1 1 0 =1
1 1 2 0 2 0 0 =1
1 1 2 1 0 0 0 =25
1 1 2 1 0 0 1 =2
1 1 2 1 0 1 0 =1
1 1 2 1 0 1 1 =1
1 1 2 1 1 0 0 =7
1 1 2 2 0 0 0 =2
1 1 3 0 0 0 0 =3
1 1 3 0 0 0 1 =1
1 1 3 0 1 0 0 =1
1 1 3 0 2 0 0 =1
1 1 3 1 0 0 0 =1
1 1 3 1 0 0 1 =1
1 1 3 1 1 0 0 =1
1 1 4 0 0 0 0 =1
1 1 4 1 1 0 0 =1
1 14 2 0 0 0 0 =1
1 2 0 0 0 0 0 =2450
1 2 0 0 0 0 1 =317
1 2 0 0 0 0 2 =1
1 2 0 0 0 1 0 =36
1 2 0 0 0 1 1 =12
1 2 0 0 1 0 0 =338
1 2 0 0 1 1 0 =15
1 2 0 0 2 0 0 =1
1 2 0 1 0 0 0 =281
1 2 0 1 0 1 0 =6
1 2 1 0 0 0 0 =104
1 2 1 0 0 0 1 =28
1 2 1 0 0 1 0 =4
1 2 1 0 1 0 0 =38
1 2 1 0 1 0 1 =5
1 2 1 0 2 0 0 =1
1 2 1 1 0 0 0 =39
1 2 1 1 0 0 1 =1
1 2 1 1 1 1 0 =1
1 2 2 0 0 0 0 =94
1 2 2 0 0 0 1 =55
1 2 2 0 0 0 2 =2
1 2 2 0 0 1 0 =2
1 2 2 0 0 1 1 =3
1 2 2 0 1 0 0 =56
1 2 2 0 1 0 1 =5
1 2 2 0 2 0 0 =1
1 2 2 1 0 0 0 =44
1 2 2 1 0 0 1 =4
1 2 2 1 0 1 0 =2
1 2 2 1 1 0 0 =3
1 2 2 2 0 0 0 =3
1 2 3 0 0 0 0 =7
1 2 3 0 0 0 1 =6
1 2 3 0 1 0 1 =1
1 2 3 1 0 0 0 =1
1 2 3 2 0 0 0 =1
1 2 6 1 0 0 0 =1
1 3 0 0 0 0 0 =1328
1 3 0 0 0 0 1 =185
1 3 0 0 0 0 2 =1
1 3 0 0 0 1 0 =14
1 3 0 0 0 1 1 =3
1 3 0 0 1 0 0 =203
1 3 0 0 1 1 0 =4
1 3 0 1 0 0 0 =167
1 3 0 1 0 1 0 =5
1 3 0 1 1 0 0 =2
1 3 1 0 0 0 0 =67
1 3 1 0 0 0 1 =28
1 3 1 0 0 0 2 =2
1 3 1 0 0 1 1 =2
1 3 1 0 1 0 0 =35
1 3 1 0 1 0 1 =3
1 3 1 1 0 0 0 =36
1 3 1 1 0 0 1 =3
1 3 1 1 0 1 0 =1
1 3 1 2 0 0 0 =2
1 3 2 0 0 0 0 =96
1 3 2 0 0 0 1 =53
1 3 2 0 0 0 2 =2
1 3 2 0 0 1 0 =1
1 3 2 0 0 1 1 =4
1 3 2 0 1 0 0 =45
1 3 2 0 1 0 1 =2
1 3 2 0 2 0 0 =1
1 3 2 1 0 0 0 =39
1 3 2 1 0 0 1 =5
1 3 2 1 1 0 0 =4
1 3 2 2 0 0 0 =1
1 3 3 0 0 0 0 =9
1 3 3 0 0 0 1 =4
1 3 3 0 0 1 0 =2
1 3 3 0 1 0 0 =2
1 3 3 1 0 0 0 =8
1 3 4 0 0 0 1 =1
1 3 4 0 1 0 0 =1
1 3 4 1 0 0 0 =1
1 4 0 0 0 0 0 =523
1 4 0 0 0 0 1 =77
1 4 0 0 0 1 0 =10
1 4 0 0 1 0 0 =75
1 4 0 0 1 0 1 =2
1 4 0 0 1 1 0 =2
1 4 0 1 0 0 0 =68
1 4 0 1 0 1 0 =3
1 4 1 0 0 0 0 =40
1 4 1 0 0 0 1 =22
1 4 1 0 1 0 0 =17
1 4 1 0 1 0 1 =1
1 4 1 1 0 0 0 =25
1 4 1 1 0 0 1 =2
1 4 1 1 1 0 0 =1
1 4 2 0 0 0 0 =56
1 4 2 0 0 0 1 =30
1 4 2 0 0 0 2 =1
1 4 2 0 0 1 1 =1
1 4 2 0 1 0 0 =33
1 4 2 0 1 0 1 =2
1 4 2 0 1 1 0 =1
1 4 2 1 0 0 0 =35
1 4 2 1 0 0 1 =2
1 4 2 1 0 1 0 =1
1 4 2 1 1 0 0 =2
1 4 3 0 0 0 0 =5
1 4 3 0 0 0 1 =1
1 4 3 0 1 0 0 =4
1 4 3 1 0 0 0 =4
1 4 3 1 0 0 1 =1
1 4 3 1 1 1 0 =1
1 5 0 0 0 0 0 =169
1 5 0 0 0 0 1 =29
1 5 0 0 0 1 0 =1
1 5 0 0 1 0 0 =30
1 5 0 0 1 0 1 =1
1 5 0 0 1 1 0 =1
1 5 0 1 0 0 0 =26
1 5 0 1 0 1 0 =1
1 5 1 0 0 0 0 =35
1 5 1 0 0 0 1 =12
1 5 1 0 1 0 0 =10
1 5 1 1 0 0 0 =13
1 5 1 2 0 0 0 =1
1 5 2 0 0 0 0 =40
1 5 2 0 0 0 1 =18
1 5 2 0 0 1 0 =1
1 5 2 0 1 0 0 =12
1 5 2 0 1 0 1 =2
1 5 2 1 0 0 0 =10
1 5 2 1 0 0 1 =1
1 5 2 1 1 0 0 =1
1 5 2 1 1 1 0 =1
1 5 3 0 0 0 0 =4
1 5 3 0 0 0 1 =2
1 5 3 1 0 0 0 =2
1 5 4 0 0 0 0 =1
1 5 4 0 0 0 1 =1
1 6 0 0 0 0 0 =36
1 6 0 0 0 0 1 =6
1 6 0 0 1 0 0 =11
1 6 0 1 0 0 0 =10
1 6 1 0 0 0 0 =13
1 6 1 0 0 0 1 =6
1 6 1 0 1 0 0 =6
1 6 1 0 1 0 1 =2
1 6 1 1 0 0 0 =1
1 6 2 0 0 0 0 =15
1 6 2 0 0 0 1 =8
1 6 2 0 1 0 0 =3
1 6 2 1 0 0 0 =6
1 6 3 0 0 0 0 =3
1 6 3 1 1 0 0 =1
1 7 0 0 0 0 0 =13
1 7 0 0 0 0 1 =2
1 7 0 0 0 1 1 =1
1 7 0 0 1 0 0 =1
1 7 0 1 0 0 0 =2
1 7 1 0 0 0 0 =4
1 7 1 0 0 0 1 =2
1 7 1 1 0 0 0 =1
1 7 2 0 0 0 0 =8
1 7 2 0 0 0 1 =4
1 7 2 0 1 0 0 =3
1 7 2 1 0 0 1 =1
1 7 3 0 0 0 0 =2
1 7 3 1 0 0 0 =1
1 8 0 0 0 0 0 =5
1 8 0 1 0 0 0 =1
1 8 1 0 0 0 0 =1
1 8 1 0 0 0 1 =1
1 8 1 0 1 0 0 =1
1 8 2 0 0 0 0 =1
1 8 2 0 0 0 1 =1
1 9 2 0 0 0 0 =2
