0 0 0 0 0 0 0 =16002
0 0 0 0 0 0 1 =3237
0 0 0 0 0 0 2 =160
0 0 0 0 0 0 3 =1
0 0 0 0 0 1 0 =13260
0 0 0 0 0 1 1 =68
0 0 0 0 0 1 2 =19
0 0 0 0 0 2 0 =231
0 0 0 0 0 2 1 =2
0 0 0 0 0 3 0 =1
0 0 0 0 1 0 0 =3578
0 0 0 0 1 0 1 =25
0 0 0 0 1 1 0 =50
0 0 0 0 1 1 1 =2
0 0 0 0 2 0 0 =514
0 0 0 0 2 0 1 =1
0 0 0 0 2 0 2 =1
0 0 0 0 2 1 0 =13
0 0 0 0 2 1 2 =1
0 0 0 1 0 0 0 =3371
0 0 0 1 0 0 1 =33
0 0 0 1 0 0 2 =2
0 0 0 1 0 1 0 =64
0 0 0 1 0 1 1 =2
0 0 0 1 1 0 0 =30
0 0 0 1 1 1 0 =1
0 0 0 1 2 0 0 =4
0 0 0 2 0 0 0 =443
0 0 0 2 0 1 0 =16
0 0 1 0 0 0 0 =2454
0 0 1 0 0 0 1 =397
0 0 1 0 0 0 2 =181
0 0 1 0 0 1 0 =1963
0 0 1 0 0 1 1 =5
0 0 1 0 0 1 2 =4
0 0 1 0 0 2 0 =10
0 0 1 0 1 0 0 =398
0 0 1 0 1 0 1 =120
0 0 1 0 1 0 2 =4
0 0 1 0 1 1 0 =14
0 0 1 0 1 1 1 =1
0 0 1 0 2 0 0 =171
0 0 1 0 2 0 1 =1
0 0 1 0 2 1 0 =1
0 0 1 0 3 0 0 =2
0 0 1 1 0 0 0 =401
0 0 1 1 0 0 1 =112
0 0 1 1 0 1 0 =12
0 0 1 1 0 1 1 =3
0 0 1 1 1 0 0 =132
0 0 1 1 1 0 1 =4
0 0 1 1 1 1 0 =3
0 0 1 2 0 0 0 =149
0 0 1 2 0 0 1 =1
0 0 1 2 0 1 0 =2
0 0 1 2 1 0 0 =1
0 0 1 3 0 0 0 =1
0 0 1 3 0 0 1 =1
0 0 2 0 0 0 0 =1629
0 0 2 0 0 0 1 =426
0 0 2 0 0 0 2 =211
0 0 2 0 0 1 0 =500
0 0 2 0 0 1 1 =16
0 0 2 0 0 1 2 =4
0 0 2 0 1 0 0 =440
0 0 2 0 1 0 1 =348
0 0 2 0 1 0 2 =1
0 0 2 0 1 1 0 =16
0 0 2 0 1 1 1 =9
0 0 2 0 2 0 0 =193
0 0 2 0 2 0 1 =3
0 0 2 0 2 1 0 =6
0 0 2 0 3 0 0 =1
0 0 2 1 0 0 0 =418
0 0 2 1 0 0 1 =327
0 0 2 1 0 1 0 =11
0 0 2 1 0 1 1 =3
0 0 2 1 1 0 0 =361
0 0 2 1 1 0 1 =3
0 0 2 1 1 1 0 =2
0 0 2 1 2 0 0 =3
0 0 2 2 0 0 0 =188
0 0 2 2 0 0 1 =2
0 0 2 2 0 1 0 =2
0 0 2 2 1 0 0 =2
0 0 3 0 0 0 0 =473
0 0 3 0 0 0 1 =32
0 0 3 0 0 0 2 =10
0 0 3 0 0 1 0 =21
0 0 3 0 0 1 1 =1
0 0 3 0 1 0 0 =36
0 0 3 0 1 0 1 =20
0 0 3 0 1 0 2 =1
0 0 3 0 2 0 0 =9
0 0 3 0 2 0 1 =1
0 0 3 1 0 0 0 =32
0 0 3 1 0 0 1 =13
0 0 3 1 1 0 0 =26
0 0 3 1 1 1 0 =1
0 0 3 1 2 0 0 =1
0 0 3 2 0 0 0 =11
0 0 3 2 0 0 1 =1
0 0 4 0 0 0 0 =109
0 0 4 0 0 0 1 =2
0 0 4 0 0 0 2 =2
0 0 4 0 0 1 0 =2
0 0 4 0 1 0 0 =3
0 0 4 0 1 0 1 =2
0 0 4 0 2 0 0 =2
0 0 4 1 0 0 0 =1
0 0 4 1 1 0 0 =1
0 0 4 2 0 0 0 =1
0 0 5 0 0 0 0 =17
0 0 5 0 0 0 1 =1
0 0 5 0 1 0 1 =1
0 0 5 1 1 0 0 =1
0 1 0 0 0 0 0 =80107
0 1 0 0 0 0 1 =19017
0 1 0 0 0 0 2 =2039
0 1 0 0 0 0 3 =1
0 1 0 0 0 1 0 =85809
0 1 0 0 0 1 1 =264
0 1 0 0 0 1 2 =38
0 1 0 0 0 2 0 =618
0 1 0 0 0 2 1 =3
0 1 0 0 0 3 0 =2
0 1 0 0 1 0 0 =18911
0 1 0 0 1 0 1 =26
0 1 0 0 1 1 0 =286
0 1 0 0 1 2 0 =3
0 1 0 0 2 0 0 =1879
0 1 0 0 2 0 2 =1
0 1 0 0 2 1 0 =46
0 1 0 0 2 1 2 =1
0 1 0 0 2 2 0 =1
0 1 0 0 3 0 0 =3
0 1 0 1 0 0 0 =18307
0 1 0 1 0 0 1 =19
0 1 0 1 0 0 2 =1
0 1 0 1 0 1 0 =265
0 1 0 1 0 2 0 =1
0 1 0 1 1 0 0 =27
0 1 0 1 1 0 1 =1
0 1 0 1 1 1 0 =1
0 1 0 1 2 0 0 =1
0 1 0 2 0 0 0 =1703
0 1 0 2 0 1 0 =38
0 1 0 2 0 2 0 =1
0 1 0 2 1 0 0 =2
0 1 0 3 0 0 0 =1
0 1 1 0 0 0 0 =8840
0 1 1 0 0 0 1 =1066
0 1 1 0 0 0 2 =135
0 1 1 0 0 1 0 =1689
0 1 1 0 0 1 1 =26
0 1 1 0 0 1 2 =1
0 1 1 0 0 2 0 =7
0 1 1 0 1 0 0 =1068
0 1 1 0 1 0 1 =127
0 1 1 0 1 0 2 =3
0 1 1 0 1 1 0 =20
0 1 1 0 1 1 1 =3
0 1 1 0 2 0 0 =129
0 1 1 0 2 0 1 =2
0 1 1 0 2 1 0 =2
0 1 1 0 3 0 0 =2
0 1 1 1 0 0 0 =1035
0 1 1 1 0 0 1 =120
0 1 1 1 0 0 2 =2
0 1 1 1 0 1 0 =19
0 1 1 1 0 1 1 =4
0 1 1 1 1 0 0 =140
0 1 1 1 1 0 1 =2
0 1 1 1 1 1 0 =4
0 1 1 1 2 0 0 =1
0 1 1 2 0 0 0 =115
0 1 1 2 0 0 1 =1
0 1 1 2 0 1 0 =4
0 1 1 2 1 0 0 =3
0 1 2 0 0 0 0 =7832
0 1 2 0 0 0 1 =1476
0 1 2 0 0 0 2 =175
0 1 2 0 0 0 3 =3
0 1 2 0 0 1 0 =474
0 1 2 0 0 1 1 =26
0 1 2 0 0 1 2 =1
0 1 2 0 0 2 1 =1
0 1 2 0 1 0 0 =1561
0 1 2 0 1 0 1 =307
0 1 2 0 1 0 2 =1
0 1 2 0 1 1 0 =27
0 1 2 0 1 1 1 =4
0 1 2 0 2 0 0 =168
0 1 2 0 2 1 0 =4
0 1 2 1 0 0 0 =1403
0 1 2 1 0 0 1 =310
0 1 2 1 0 0 2 =2
0 1 2 1 0 1 0 =31
0 1 2 1 0 1 1 =3
0 1 2 1 1 0 0 =316
0 1 2 1 1 0 1 =5
0 1 2 1 1 1 0 =5
0 1 2 1 2 0 0 =4
0 1 2 2 0 0 0 =155
0 1 2 2 1 0 0 =2
0 1 3 0 0 0 0 =585
0 1 3 0 0 0 1 =108
0 1 3 0 0 0 2 =10
0 1 3 0 0 1 0 =27
0 1 3 0 0 1 1 =1
0 1 3 0 1 0 0 =116
0 1 3 0 1 0 1 =19
0 1 3 0 1 1 0 =3
0 1 3 0 1 1 1 =2
0 1 3 0 2 0 0 =9
0 1 3 1 0 0 0 =99
0 1 3 1 0 0 1 =17
0 1 3 1 0 1 0 =2
0 1 3 1 1 0 0 =21
0 1 3 2 0 0 0 =8
0 1 4 0 0 0 0 =99
0 1 4 0 0 0 1 =12
0 1 4 0 0 0 2 =2
0 1 4 0 0 1 0 =4
0 1 4 0 1 0 0 =5
0 1 4 0 1 0 1 =3
0 1 4 1 0 0 0 =6
0 1 4 1 1 0 0 =2
0 1 5 0 0 0 0 =2
0 1 5 0 1 0 0 =2
0 10 0 0 0 0 0 =20
0 10 0 0 0 1 0 =1
0 10 1 0 0 0 0 =10
0 10 1 0 1 0 0 =1
0 10 2 0 0 0 0 =34
0 10 3 0 0 0 0 =1
0 10 4 0 0 0 0 =1
0 11 0 0 0 0 0 =1
0 11 1 0 0 0 0 =4
0 11 2 0 0 0 0 =7
0 12 1 0 0 0 0 =1
0 12 1 0 1 0 0 =1
0 12 2 0 0 0 0 =3
0 13 2 0 0 0 0 =1
0 2 0 0 0 0 0 =131045
0 2 0 0 0 0 1 =11942
0 2 0 0 0 0 2 =1217
0 2 0 0 0 1 0 =52663
0 2 0 0 0 1 1 =181
0 2 0 0 0 1 2 =25
0 2 0 0 0 2 0 =346
0 2 0 0 0 2 1 =2
0 2 0 0 0 3 0 =1
0 2 0 0 1 0 0 =11970
0 2 0 0 1 0 1 =14
0 2 0 0 1 1 0 =182
0 2 0 0 1 2 0 =1
0 2 0 0 2 0 0 =1162
0 2 0 0 2 1 0 =19
0 2 0 0 3 0 0 =1
0 2 0 1 0 0 0 =11532
0 2 0 1 0 0 1 =10
0 2 0 1 0 0 2 =1
0 2 0 1 0 1 0 =192
0 2 0 1 0 2 0 =2
0 2 0 1 1 0 0 =13
0 2 0 2 0 0 0 =1042
0 2 0 2 0 1 0 =18
0 2 1 0 0 0 0 =10165
0 2 1 0 0 0 1 =1365
0 2 1 0 0 0 2 =69
0 2 1 0 0 1 0 =813
0 2 1 0 0 1 1 =34
0 2 1 0 0 1 2 =2
0 2 1 0 0 2 0 =4
0 2 1 0 1 0 0 =1295
0 2 1 0 1 0 1 =84
0 2 1 0 1 1 0 =25
0 2 1 0 1 1 1 =1
0 2 1 0 2 0 0 =84
0 2 1 0 2 1 0 =1
0 2 1 1 0 0 0 =1312
0 2 1 1 0 0 1 =62
0 2 1 1 0 0 2 =1
0 2 1 1 0 1 0 =17
0 2 1 1 0 2 0 =1
0 2 1 1 1 0 0 =75
0 2 1 2 0 0 0 =59
0 2 1 2 0 1 0 =2
0 2 1 2 1 0 0 =2
0 2 1 3 0 0 0 =1
0 2 2 0 0 0 0 =9562
0 2 2 0 0 0 1 =2715
0 2 2 0 0 0 2 =91
0 2 2 0 0 1 0 =281
0 2 2 0 0 1 1 =38
0 2 2 0 0 2 0 =2
0 2 2 0 1 0 0 =2757
0 2 2 0 1 0 1 =200
0 2 2 0 1 1 0 =40
0 2 2 0 1 1 1 =2
0 2 2 0 1 2 0 =1
0 2 2 0 2 0 0 =84
0 2 2 1 0 0 0 =2581
0 2 2 1 0 0 1 =175
0 2 2 1 0 1 0 =34
0 2 2 1 0 1 1 =7
0 2 2 1 1 0 0 =181
0 2 2 1 1 1 0 =3
0 2 2 1 2 0 0 =2
0 2 2 2 0 0 0 =81
0 2 2 2 0 0 1 =1
0 2 2 2 0 1 0 =2
0 2 3 0 0 0 0 =643
0 2 3 0 0 0 1 =179
0 2 3 0 0 0 2 =6
0 2 3 0 0 1 0 =8
0 2 3 0 0 1 1 =2
0 2 3 0 1 0 0 =194
0 2 3 0 1 0 1 =9
0 2 3 0 1 1 0 =3
0 2 3 0 2 0 0 =6
0 2 3 1 0 0 0 =166
0 2 3 1 0 0 1 =14
0 2 3 1 1 0 0 =9
0 2 3 1 1 0 1 =1
0 2 3 2 0 0 0 =2
0 2 4 0 0 0 0 =55
0 2 4 0 0 0 1 =14
0 2 4 0 1 0 0 =17
0 2 4 0 1 1 0 =1
0 2 4 0 2 0 0 =1
0 2 4 1 0 0 0 =17
0 2 4 1 0 0 1 =2
0 2 4 1 1 0 0 =1
0 2 5 0 0 0 0 =1
0 2 5 0 0 0 1 =1
0 2 5 0 1 0 0 =1
0 2 5 0 1 0 1 =1
0 2 5 0 2 0 0 =1
0 3 0 0 0 0 0 =156233
0 3 0 0 0 0 1 =4158
0 3 0 0 0 0 2 =420
0 3 0 0 0 1 0 =18814
0 3 0 0 0 1 1 =58
0 3 0 0 0 1 2 =4
0 3 0 0 0 2 0 =126
0 3 0 0 0 3 0 =1
0 3 0 0 1 0 0 =4269
0 3 0 0 1 0 1 =2
0 3 0 0 1 1 0 =84
0 3 0 0 2 0 0 =414
0 3 0 0 2 1 0 =11
0 3 0 1 0 0 0 =4180
0 3 0 1 0 0 1 =8
0 3 0 1 0 1 0 =70
0 3 0 1 0 2 0 =1
0 3 0 1 1 0 0 =3
0 3 0 2 0 0 0 =379
0 3 0 2 0 1 0 =6
0 3 1 0 0 0 0 =8955
0 3 1 0 0 0 1 =995
0 3 1 0 0 0 2 =25
0 3 1 0 0 1 0 =341
0 3 1 0 0 1 1 =23
0 3 1 0 0 2 0 =1
0 3 1 0 0 2 1 =1
0 3 1 0 1 0 0 =943
0 3 1 0 1 0 1 =51
0 3 1 0 1 0 2 =1
0 3 1 0 1 1 0 =14
0 3 1 0 1 1 1 =1
0 3 1 0 2 0 0 =24
0 3 1 0 2 0 1 =2
0 3 1 1 0 0 0 =923
0 3 1 1 0 0 1 =35
0 3 1 1 0 1 0 =17
0 3 1 1 1 0 0 =44
0 3 1 1 1 0 1 =1
0 3 1 2 0 0 0 =27
0 3 1 2 0 0 1 =2
0 3 1 2 0 1 0 =1
0 3 1 3 0 0 0 =1
0 3 2 0 0 0 0 =11075
0 3 2 0 0 0 1 =2041
0 3 2 0 0 0 2 =27
0 3 2 0 0 1 0 =179
0 3 2 0 0 1 1 =30
0 3 2 0 0 1 2 =3
0 3 2 0 0 2 1 =1
0 3 2 0 1 0 0 =2093
0 3 2 0 1 0 1 =64
0 3 2 0 1 1 0 =30
0 3 2 0 1 1 1 =4
0 3 2 0 2 0 0 =32
0 3 2 0 2 1 0 =2
0 3 2 1 0 0 0 =2034
0 3 2 1 0 0 1 =72
0 3 2 1 0 1 0 =21
0 3 2 1 0 1 1 =4
0 3 2 1 1 0 0 =71
0 3 2 2 0 0 0 =35
0 3 2 2 0 1 0 =1
0 3 2 2 1 0 0 =1
0 3 3 0 0 0 0 =725
0 3 3 0 0 0 1 =138
0 3 3 0 0 0 2 =2
0 3 3 0 0 1 0 =7
0 3 3 0 0 1 1 =2
0 3 3 0 1 0 0 =136
0 3 3 0 1 0 1 =5
0 3 3 0 1 1 0 =3
0 3 3 0 2 0 0 =1
0 3 3 1 0 0 0 =121
0 3 3 1 0 0 1 =4
0 3 3 1 0 1 0 =1
0 3 3 1 0 1 1 =1
0 3 3 1 1 0 0 =2
0 3 3 1 1 0 1 =1
0 3 3 2 0 0 0 =2
0 3 4 0 0 0 0 =57
0 3 4 0 0 0 1 =8
0 3 4 0 0 1 0 =1
0 3 4 0 0 1 1 =1
0 3 4 0 1 0 0 =11
0 3 4 1 0 0 0 =11
0 3 4 1 0 0 1 =1
0 3 5 0 0 0 0 =4
0 3 5 0 0 0 1 =1
0 3 5 1 0 0 0 =1
0 4 0 0 0 0 0 =87625
0 4 0 0 0 0 1 =1200
0 4 0 0 0 0 2 =110
0 4 0 0 0 1 0 =5237
0 4 0 0 0 1 1 =16
0 4 0 0 0 1 2 =2
0 4 0 0 0 2 0 =43
0 4 0 0 1 0 0 =1166
0 4 0 0 1 0 1 =2
0 4 0 0 1 1 0 =19
0 4 0 0 2 0 0 =126
0 4 0 0 2 1 0 =3
0 4 0 0 3 0 0 =1
0 4 0 1 0 0 0 =1226
0 4 0 1 0 0 1 =3
0 4 0 1 0 1 0 =13
0 4 0 1 1 0 0 =1
0 4 0 2 0 0 0 =113
0 4 0 2 0 1 0 =1
0 4 1 0 0 0 0 =6266
0 4 1 0 0 0 1 =477
0 4 1 0 0 0 2 =11
0 4 1 0 0 1 0 =144
0 4 1 0 0 1 1 =5
0 4 1 0 1 0 0 =489
0 4 1 0 1 0 1 =8
0 4 1 0 1 1 0 =7
0 4 1 0 2 0 0 =10
0 4 1 1 0 0 0 =447
0 4 1 1 0 0 1 =7
0 4 1 1 0 1 0 =10
0 4 1 1 1 0 0 =10
0 4 1 1 1 1 0 =1
0 4 1 2 0 0 0 =8
0 4 2 0 0 0 0 =10780
0 4 2 0 0 0 1 =1030
0 4 2 0 0 0 2 =14
0 4 2 0 0 1 0 =133
0 4 2 0 0 1 1 =13
0 4 2 0 1 0 0 =1027
0 4 2 0 1 0 1 =22
0 4 2 0 1 1 0 =13
0 4 2 0 2 0 0 =13
0 4 2 1 0 0 0 =981
0 4 2 1 0 0 1 =21
0 4 2 1 0 1 0 =15
0 4 2 1 0 1 1 =1
0 4 2 1 1 0 0 =24
0 4 2 2 0 0 0 =12
0 4 2 2 0 0 1 =1
0 4 3 0 0 0 0 =711
0 4 3 0 0 0 1 =49
0 4 3 0 0 0 2 =1
0 4 3 0 0 1 0 =10
0 4 3 0 0 1 1 =2
0 4 3 0 1 0 0 =76
0 4 3 0 1 0 1 =1
0 4 3 0 1 1 0 =1
0 4 3 0 2 0 0 =2
0 4 3 1 0 0 0 =59
0 4 3 1 0 1 0 =1
0 4 3 1 1 0 0 =3
0 4 3 2 0 0 0 =1
0 4 4 0 0 0 0 =61
0 4 4 0 0 0 1 =10
0 4 4 0 1 0 0 =5
0 4 4 1 0 0 0 =12
0 4 5 0 0 0 0 =4
0 4 5 0 0 0 1 =1
0 4 5 0 1 0 0 =1
0 5 0 0 0 0 0 =31552
0 5 0 0 0 0 1 =247
0 5 0 0 0 0 2 =23
0 5 0 0 0 1 0 =1203
0 5 0 0 0 1 1 =5
0 5 0 0 0 1 2 =1
0 5 0 0 0 2 0 =9
0 5 0 0 1 0 0 =261
0 5 0 0 1 1 0 =5
0 5 0 0 2 0 0 =24
0 5 0 0 2 1 0 =1
0 5 0 1 0 0 0 =294
0 5 0 1 0 0 1 =1
0 5 0 1 0 1 0 =1
0 5 0 1 1 0 0 =3
0 5 0 2 0 0 0 =30
0 5 0 2 0 1 0 =1
0 5 1 0 0 0 0 =3482
0 5 1 0 0 0 1 =182
0 5 1 0 0 0 2 =3
0 5 1 0 0 1 0 =62
0 5 1 0 0 1 1 =4
0 5 1 0 0 2 0 =1
0 5 1 0 1 0 0 =189
0 5 1 0 1 0 1 =2
0 5 1 0 1 1 0 =2
0 5 1 0 2 0 0 =1
0 5 1 1 0 0 0 =148
0 5 1 1 0 0 1 =7
0 5 1 1 0 1 0 =3
0 5 1 1 1 0 0 =3
0 5 1 2 0 0 0 =2
0 5 2 0 0 0 0 =6986
0 5 2 0 0 0 1 =385
0 5 2 0 0 0 2 =6
0 5 2 0 0 1 0 =83
0 5 2 0 0 1 1 =8
0 5 2 0 1 0 0 =397
0 5 2 0 1 0 1 =10
0 5 2 0 1 1 0 =9
0 5 2 0 2 0 0 =4
0 5 2 1 0 0 0 =362
0 5 2 1 0 0 1 =7
0 5 2 1 0 1 0 =3
0 5 2 1 1 0 0 =8
0 5 2 1 1 1 0 =1
0 5 2 2 0 0 0 =3
0 5 3 0 0 0 0 =413
0 5 3 0 0 0 1 =29
0 5 3 0 0 1 0 =8
0 5 3 0 0 1 1 =1
0 5 3 0 1 0 0 =21
0 5 3 1 0 0 0 =22
0 5 3 1 0 0 1 =1
0 5 3 1 1 0 0 =1
0 5 4 0 0 0 0 =38
0 5 4 0 0 0 1 =4
0 5 4 0 0 1 0 =1
0 5 4 0 1 0 0 =3
0 5 4 1 0 0 0 =2
0 5 5 0 0 0 0 =1
0 6 0 0 0 0 0 =8854
0 6 0 0 0 0 1 =56
0 6 0 0 0 0 2 =6
0 6 0 0 0 1 0 =283
0 6 0 0 0 2 0 =2
0 6 0 0 1 0 0 =47
0 6 0 0 2 0 0 =6
0 6 0 1 0 0 0 =63
0 6 0 1 0 1 0 =2
0 6 0 2 0 0 0 =5
0 6 1 0 0 0 0 =1624
0 6 1 0 0 0 1 =70
0 6 1 0 0 1 0 =19
0 6 1 0 0 1 1 =2
0 6 1 0 1 0 0 =61
0 6 1 0 1 0 1 =1
0 6 1 0 1 1 0 =1
0 6 1 1 0 0 0 =68
0 6 1 1 0 0 1 =2
0 6 1 1 0 1 0 =2
0 6 1 1 1 0 0 =4
0 6 1 2 0 0 0 =3
0 6 2 0 0 0 0 =3194
0 6 2 0 0 0 1 =116
0 6 2 0 0 0 2 =1
0 6 2 0 0 1 0 =41
0 6 2 0 0 1 1 =2
0 6 2 0 1 0 0 =154
0 6 2 0 1 0 1 =1
0 6 2 0 1 1 0 =4
0 6 2 1 0 0 0 =135
0 6 2 1 0 0 1 =1
0 6 2 1 0 1 0 =1
0 6 2 1 1 0 0 =2
0 6 3 0 0 0 0 =206
0 6 3 0 0 0 1 =11
0 6 3 0 0 1 0 =6
0 6 3 0 1 0 0 =10
0 6 3 1 0 0 0 =9
0 6 3 1 0 0 1 =2
0 6 4 0 0 0 0 =17
0 6 5 0 0 0 0 =1
0 7 0 0 0 0 0 =2116
0 7 0 0 0 0 1 =15
0 7 0 0 0 0 2 =1
0 7 0 0 0 1 0 =64
0 7 0 0 1 0 0 =10
0 7 0 0 1 1 0 =1
0 7 0 0 2 0 0 =2
0 7 0 1 0 0 0 =14
0 7 0 2 0 0 0 =3
0 7 1 0 0 0 0 =614
0 7 1 0 0 0 1 =19
0 7 1 0 0 1 0 =5
0 7 1 0 1 0 0 =26
0 7 1 1 0 0 0 =14
0 7 1 1 0 0 1 =1
0 7 1 1 1 0 0 =2
0 7 2 0 0 0 0 =1256
0 7 2 0 0 0 1 =37
0 7 2 0 0 0 2 =1
0 7 2 0 0 1 0 =14
0 7 2 0 0 1 1 =2
0 7 2 0 0 2 0 =1
0 7 2 0 1 0 0 =39
0 7 2 0 1 0 1 =2
0 7 2 1 0 0 0 =33
0 7 2 1 0 0 1 =1
0 7 2 1 1 0 0 =1
0 7 3 0 0 0 0 =70
0 7 3 0 0 0 1 =3
0 7 3 0 1 0 0 =3
0 7 3 1 0 0 0 =2
0 7 4 0 0 0 0 =10
0 7 5 0 0 0 0 =1
0 8 0 0 0 0 0 =503
0 8 0 0 0 0 1 =2
0 8 0 0 0 1 0 =15
0 8 0 0 1 0 0 =2
0 8 0 1 0 0 0 =4
0 8 0 1 0 1 0 =1
0 8 0 2 0 0 0 =1
0 8 1 0 0 0 0 =201
0 8 1 0 0 0 1 =5
0 8 1 0 0 1 0 =2
0 8 1 0 1 0 0 =3
0 8 1 1 0 0 0 =7
0 8 2 0 0 0 0 =398
0 8 2 0 0 0 1 =7
0 8 2 0 0 1 0 =7
0 8 2 0 1 0 0 =15
0 8 2 1 0 0 0 =11
0 8 2 1 1 0 0 =1
0 8 3 0 0 0 0 =17
0 8 3 0 0 0 1 =1
0 8 3 0 1 0 0 =1
0 8 3 1 0 0 0 =1
0 8 4 0 0 0 0 =2
0 8 4 0 1 0 0 =1
0 9 0 0 0 0 0 =96
0 9 0 0 0 1 0 =3
0 9 0 0 1 0 0 =1
0 9 1 0 0 0 0 =65
0 9 1 0 0 0 1 =2
0 9 1 0 1 0 0 =2
0 9 1 1 0 0 0 =2
0 9 2 0 0 0 0 =96
0 9 2 0 0 0 1 =4
0 9 2 0 0 1 0 =2
0 9 2 0 1 0 0 =2
0 9 2 1 0 0 0 =2
0 9 3 0 0 0 0 =5
0 9 3 0 1 0 0 =1
0 9 3 1 0 0 0 =1
1 0 0 0 0 0 0 =111
1 0 0 0 0 0 1 =42
1 0 0 0 0 0 2 =1
1 0 0 0 0 1 0 =48
1 0 0 0 0 1 1 =2
1 0 0 0 1 0 0 =45
1 0 0 0 1 1 0 =1
1 0 0 0 2 0 0 =3
1 0 0 1 0 0 0 =38
1 0 0 1 0 1 0 =1
1 0 0 2 0 0 0 =3
1 0 1 0 0 0 0 =62
1 0 1 0 0 0 1 =3
1 0 1 0 1 0 0 =2
1 0 1 0 1 0 1 =1
1 0 1 0 2 1 0 =1
1 0 1 1 0 0 0 =3
1 0 1 1 0 0 1 =1
1 0 2 0 0 0 0 =28
1 0 2 0 0 0 1 =5
1 0 2 0 0 0 2 =2
1 0 2 0 1 0 0 =8
1 0 2 0 1 0 1 =3
1 0 2 1 0 0 0 =5
1 0 2 1 0 0 1 =3
1 0 2 1 1 0 0 =2
1 0 2 2 0 0 0 =2
1 0 3 0 0 0 0 =2
1 0 3 0 1 0 1 =1
1 0 3 1 0 0 1 =1
1 0 3 2 0 0 0 =1
1 1 0 0 0 0 0 =2402
1 1 0 0 0 0 1 =304
1 1 0 0 0 0 2 =3
1 1 0 0 0 1 0 =77
1 1 0 0 0 1 1 =10
1 1 0 0 0 2 0 =1
1 1 0 0 1 0 0 =278
1 1 0 0 1 1 0 =4
1 1 0 0 2 0 0 =4
1 1 0 1 0 0 0 =323
1 1 0 1 0 1 0 =8
1 1 0 2 0 0 0 =2
1 1 1 0 0 0 0 =93
1 1 1 0 0 0 1 =16
1 1 1 0 0 0 2 =3
1 1 1 0 1 0 0 =17
1 1 1 0 1 0 1 =4
1 1 1 0 2 0 0 =1
1 1 1 1 0 0 0 =21
1 1 1 1 0 0 2 =1
1 1 1 1 1 0 0 =5
1 1 1 2 0 0 0 =2
1 1 2 0 0 0 0 =62
1 1 2 0 0 0 1 =19
1 1 2 0 0 0 2 =2
1 1 2 0 0 1 0 =3
1 1 2 0 1 0 0 =18
1 1 2 0 1 0 1 =9
1 1 2 0 1 1 0 =1
1 1 2 1 0 0 0 =22
1 1 2 1 0 0 1 =7
1 1 2 1 0 1 1 =1
1 1 2 1 1 0 0 =8
1 1 3 0 0 0 0 =2
1 1 3 0 0 0 1 =3
1 1 3 0 1 0 0 =2
1 1 3 0 1 0 1 =1
1 1 3 1 0 0 0 =1
1 1 3 1 1 0 0 =1
1 2 0 0 0 0 0 =2496
1 2 0 0 0 0 1 =326
1 2 0 0 0 1 0 =36
1 2 0 0 0 1 1 =5
1 2 0 0 1 0 0 =315
1 2 0 0 1 1 0 =8
1 2 0 1 0 0 0 =292
1 2 0 1 0 0 1 =2
1 2 0 1 0 1 0 =4
1 2 1 0 0 0 0 =122
1 2 1 0 0 0 1 =38
1 2 1 0 0 0 2 =2
1 2 1 0 0 1 0 =2
1 2 1 0 1 0 0 =30
1 2 1 0 1 0 1 =3
1 2 1 0 2 0 0 =3
1 2 1 1 0 0 0 =31
1 2 1 1 0 0 1 =1
1 2 1 1 1 0 0 =1
1 2 2 0 0 0 0 =103
1 2 2 0 0 0 1 =56
1 2 2 0 0 0 2 =7
1 2 2 0 1 0 0 =41
1 2 2 0 1 0 1 =9
1 2 2 0 1 1 0 =1
1 2 2 0 2 0 0 =1
1 2 2 1 0 0 0 =59
1 2 2 1 0 0 1 =5
1 2 2 1 0 1 0 =1
1 2 2 1 1 0 0 =9
1 2 2 2 0 0 0 =2
1 2 3 0 0 0 0 =8
1 2 3 0 0 0 1 =5
1 2 3 0 1 0 0 =1
1 2 3 0 1 0 1 =1
1 2 3 1 0 0 0 =5
1 2 4 0 1 0 0 =1
1 3 0 0 0 0 0 =1293
1 3 0 0 0 0 1 =183
1 3 0 0 0 0 2 =1
1 3 0 0 0 1 0 =15
1 3 0 0 0 1 1 =2
1 3 0 0 1 0 0 =158
1 3 0 0 1 1 0 =2
1 3 0 1 0 0 0 =172
1 3 0 1 0 1 0 =4
1 3 0 1 1 0 1 =1
1 3 1 0 0 0 0 =73
1 3 1 0 0 0 1 =31
1 3 1 0 0 0 2 =2
1 3 1 0 0 1 0 =2
1 3 1 0 0 1 1 =2
1 3 1 0 1 0 0 =31
1 3 1 0 1 0 1 =2
1 3 1 0 1 1 0 =1
1 3 1 1 0 0 0 =24
1 3 1 1 0 0 1 =2
1 3 1 1 1 0 0 =3
1 3 1 2 0 0 0 =2
1 3 2 0 0 0 0 =98
1 3 2 0 0 0 1 =51
1 3 2 0 0 0 2 =1
1 3 2 0 0 1 0 =1
1 3 2 0 0 1 1 =3
1 3 2 0 1 0 0 =42
1 3 2 0 1 0 1 =6
1 3 2 0 1 1 0 =1
1 3 2 0 2 0 0 =2
1 3 2 1 0 0 0 =41
1 3 2 1 0 0 1 =4
1 3 2 1 0 1 0 =1
1 3 2 1 1 0 0 =3
1 3 2 2 0 0 0 =1
1 3 2 2 0 1 0 =1
1 3 3 0 0 0 0 =8
1 3 3 0 0 0 1 =1
1 3 3 0 0 0 2 =1
1 3 3 0 0 1 0 =1
1 3 3 0 1 0 0 =4
1 3 3 1 0 0 0 =2
1 3 3 1 1 0 0 =1
1 3 4 0 0 0 0 =1
1 3 4 0 1 0 0 =2
1 4 0 0 0 0 0 =508
1 4 0 0 0 0 1 =63
1 4 0 0 0 1 0 =10
1 4 0 0 0 1 1 =5
1 4 0 0 1 0 0 =81
1 4 0 0 1 1 0 =2
1 4 0 0 2 0 0 =1
1 4 0 1 0 0 0 =65
1 4 0 1 0 1 0 =4
1 4 0 1 1 0 0 =1
1 4 0 2 0 0 0 =2
1 4 1 0 0 0 0 =39
1 4 1 0 0 0 1 =24
1 4 1 0 0 1 0 =1
1 4 1 0 1 0 0 =30
1 4 1 0 1 1 0 =1
1 4 1 1 0 0 0 =18
1 4 1 2 0 0 0 =2
1 4 2 0 0 0 0 =70
1 4 2 0 0 0 1 =31
1 4 2 0 0 0 2 =1
1 4 2 0 0 1 0 =1
1 4 2 0 0 1 1 =1
1 4 2 0 1 0 0 =34
1 4 2 0 1 0 1 =2
1 4 2 0 1 1 0 =1
1 4 2 0 2 0 0 =2
1 4 2 1 0 0 0 =29
1 4 2 1 0 0 1 =3
1 4 2 1 0 1 0 =1
1 4 2 1 1 0 0 =4
1 4 2 2 0 0 0 =1
1 4 3 0 0 0 0 =2
1 4 3 0 0 0 1 =1
1 4 3 0 1 0 0 =2
1 4 3 1 0 0 0 =3
1 4 4 0 1 0 0 =1
1 5 0 0 0 0 0 =155
1 5 0 0 0 0 1 =27
1 5 0 0 0 1 0 =3
1 5 0 0 1 0 0 =23
1 5 0 0 1 1 0 =1
1 5 0 1 0 0 0 =21
1 5 0 1 1 0 0 =1
1 5 1 0 0 0 0 =20
1 5 1 0 0 0 1 =11
1 5 1 0 0 1 0 =3
1 5 1 0 1 0 0 =8
1 5 1 0 1 0 1 =3
1 5 1 1 0 0 0 =10
1 5 1 1 1 0 0 =2
1 5 2 0 0 0 0 =22
1 5 2 0 0 0 1 =13
1 5 2 0 0 0 2 =1
1 5 2 0 0 1 0 =1
1 5 2 0 1 0 0 =11
1 5 2 1 0 0 0 =10
1 5 2 1 1 0 0 =1
1 5 2 2 0 0 0 =1
1 5 3 0 0 0 0 =2
1 5 3 0 0 0 1 =2
1 5 3 0 1 0 0 =2
1 5 3 1 0 0 0 =2
1 5 5 0 0 0 0 =1
1 6 0 0 0 0 0 =41
1 6 0 0 0 0 1 =10
1 6 0 0 1 0 0 =5
1 6 0 1 0 0 0 =7
1 6 1 0 0 0 0 =12
1 6 1 0 0 0 1 =4
1 6 1 0 1 0 0 =1
1 6 1 1 0 0 0 =3
1 6 2 0 0 0 0 =17
1 6 2 0 0 0 1 =7
1 6 2 0 1 0 0 =8
1 6 2 0 1 1 0 =1
1 6 2 1 0 0 0 =5
1 6 3 0 0 0 0 =3
1 6 3 0 0 0 1 =1
1 6 3 0 1 0 0 =1
1 7 0 0 0 0 0 =12
1 7 0 0 0 0 1 =3
1 7 0 0 1 0 0 =2
1 7 0 1 0 0 0 =1
1 7 1 0 0 0 0 =3
1 7 1 0 0 0 1 =3
1 7 1 0 1 0 0 =1
1 7 1 1 0 0 0 =5
1 7 2 0 0 0 0 =3
1 7 2 0 0 0 1 =3
1 7 2 0 1 0 0 =1
1 7 2 1 0 0 0 =2
1 7 3 0 0 0 0 =1
1 7 3 1 0 0 0 =1
1 8 0 0 0 0 0 =3
1 8 0 0 1 0 0 =1
1 8 1 0 0 0 0 =1
1 8 1 1 0 0 0 =1
1 8 2 0 0 0 0 =4
1 8 2 0 0 0 1 =1
1 8 2 0 0 1 0 =1
1 8 3 0 1 0 0 =1
1 9 2 0 0 0 0 =1
1 9 2 0 1 0 0 =1
