0 0 0 0 0 0 0 =16002
0 0 0 0 0 0 1 =3282
0 0 0 0 0 0 2 =170
0 0 0 0 0 1 0 =13086
0 0 0 0 0 1 1 =72
0 0 0 0 0 1 2 =21
0 0 0 0 0 2 0 =226
0 0 0 0 0 2 1 =1
0 0 0 0 0 3 0 =1
0 0 0 0 1 0 0 =3479
0 0 0 0 1 0 1 =21
0 0 0 0 1 1 0 =64
0 0 0 0 1 1 1 =1
0 0 0 0 1 1 2 =1
0 0 0 0 2 0 0 =497
0 0 0 0 2 0 1 =1
0 0 0 0 2 1 0 =17
0 0 0 0 3 0 0 =2
0 0 0 1 0 0 0 =3436
0 0 0 1 0 0 1 =32
0 0 0 1 0 1 0 =67
0 0 0 1 0 2 0 =1
0 0 0 1 1 0 0 =28
0 0 0 1 1 1 0 =2
0 0 0 1 2 0 0 =3
0 0 0 2 0 0 0 =437
0 0 0 2 0 1 0 =11
0 0 0 2 2 0 0 =1
0 0 0 3 0 0 0 =1
0 0 1 0 0 0 0 =2415
0 0 1 0 0 0 1 =381
0 0 1 0 0 0 2 =164
0 0 1 0 0 0 3 =1
0 0 1 0 0 1 0 =1962
0 0 1 0 0 1 1 =10
0 0 1 0 0 1 2 =2
0 0 1 0 0 2 0 =5
0 0 1 0 1 0 0 =407
0 0 1 0 1 0 1 =131
0 0 1 0 1 1 0 =12
0 0 1 0 1 1 1 =6
0 0 1 0 1 2 0 =1
0 0 1 0 2 0 0 =160
0 0 1 0 2 0 1 =2
0 0 1 0 2 1 0 =2
0 0 1 1 0 0 0 =359
0 0 1 1 0 0 1 =142
0 0 1 1 0 0 2 =3
0 0 1 1 0 1 0 =14
0 0 1 1 0 1 1 =2
0 0 1 1 1 0 0 =113
0 0 1 1 1 0 1 =4
0 0 1 1 1 1 0 =2
0 0 1 1 2 0 0 =1
0 0 1 2 0 0 0 =159
0 0 1 2 0 0 1 =4
0 0 1 2 0 1 0 =1
0 0 2 0 0 0 0 =1687
0 0 2 0 0 0 1 =442
0 0 2 0 0 0 2 =212
0 0 2 0 0 1 0 =555
0 0 2 0 0 1 1 =4
0 0 2 0 0 1 2 =2
0 0 2 0 0 2 0 =5
0 0 2 0 1 0 0 =426
0 0 2 0 1 0 1 =389
0 0 2 0 1 0 2 =2
0 0 2 0 1 1 0 =13
0 0 2 0 1 1 1 =8
0 0 2 0 2 0 0 =233
0 0 2 0 2 0 1 =1
0 0 2 0 2 1 0 =2
0 0 2 1 0 0 0 =373
0 0 2 1 0 0 1 =381
0 0 2 1 0 0 2 =3
0 0 2 1 0 1 0 =7
0 0 2 1 0 1 1 =5
0 0 2 1 1 0 0 =349
0 0 2 1 1 0 1 =2
0 0 2 1 1 1 0 =2
0 0 2 1 2 0 0 =4
0 0 2 2 0 0 0 =173
0 0 2 2 0 0 1 =1
0 0 2 2 0 1 0 =3
0 0 2 2 1 0 0 =1
0 0 2 3 0 0 0 =2
0 0 3 0 0 0 0 =455
0 0 3 0 0 0 1 =28
0 0 3 0 0 0 2 =13
0 0 3 0 0 1 0 =25
0 0 3 0 0 1 1 =1
0 0 3 0 1 0 0 =27
0 0 3 0 1 0 1 =26
0 0 3 0 1 1 0 =3
0 0 3 0 2 0 0 =9
0 0 3 1 0 0 0 =38
0 0 3 1 0 0 1 =23
0 0 3 1 0 0 2 =1
0 0 3 1 1 0 0 =20
0 0 3 1 1 1 0 =1
0 0 3 2 0 0 0 =9
0 0 4 0 0 0 0 =90
0 0 4 0 0 0 1 =2
0 0 4 0 0 0 2 =1
0 0 4 0 0 1 0 =1
0 0 4 0 1 0 0 =2
0 0 4 0 1 0 1 =3
0 0 4 0 2 0 0 =1
0 0 4 1 0 0 0 =4
0 0 4 1 0 0 1 =1
0 0 4 1 1 0 0 =1
0 0 4 2 0 0 0 =4
0 0 5 0 0 0 0 =6
0 1 0 0 0 0 0 =80431
0 1 0 0 0 0 1 =19149
0 1 0 0 0 0 2 =2006
0 1 0 0 0 1 0 =85806
0 1 0 0 0 1 1 =283
0 1 0 0 0 1 2 =35
0 1 0 0 0 2 0 =527
0 1 0 0 1 0 0 =18771
0 1 0 0 1 0 1 =22
0 1 0 0 1 0 2 =1
0 1 0 0 1 1 0 =263
0 1 0 0 1 1 1 =1
0 1 0 0 2 0 0 =1807
0 1 0 0 2 0 1 =1
0 1 0 0 2 1 0 =35
0 1 0 0 2 2 0 =1
0 1 0 0 3 0 0 =1
0 1 0 1 0 0 0 =17901
0 1 0 1 0 0 1 =28
0 1 0 1 0 1 0 =296
0 1 0 1 0 1 1 =4
0 1 0 1 0 2 0 =3
0 1 0 1 1 0 0 =21
0 1 0 1 1 0 1 =2
0 1 0 2 0 0 0 =1658
0 1 0 2 0 0 1 =2
0 1 0 2 0 1 0 =22
0 1 0 2 0 2 0 =1
0 1 0 2 1 0 0 =2
0 1 1 0 0 0 0 =8710
0 1 1 0 0 0 1 =1063
0 1 1 0 0 0 2 =101
0 1 1 0 0 1 0 =1738
0 1 1 0 0 1 1 =20
0 1 1 0 0 1 2 =2
0 1 1 0 0 2 0 =7
0 1 1 0 1 0 0 =1089
0 1 1 0 1 0 1 =121
0 1 1 0 1 0 2 =1
0 1 1 0 1 1 0 =15
0 1 1 0 1 1 1 =1
0 1 1 0 2 0 0 =140
0 1 1 0 2 0 1 =1
0 1 1 0 2 1 0 =4
0 1 1 0 3 0 0 =1
0 1 1 1 0 0 0 =1014
0 1 1 1 0 0 1 =121
0 1 1 1 0 0 2 =1
0 1 1 1 0 1 0 =33
0 1 1 1 0 1 1 =3
0 1 1 1 1 0 0 =134
0 1 1 1 1 0 1 =2
0 1 1 1 1 1 0 =2
0 1 1 1 2 0 0 =1
0 1 1 2 0 0 0 =126
0 1 1 2 0 1 0 =2
0 1 2 0 0 0 0 =7804
0 1 2 0 0 0 1 =1507
0 1 2 0 0 0 2 =179
0 1 2 0 0 1 0 =459
0 1 2 0 0 1 1 =24
0 1 2 0 0 1 2 =10
0 1 2 0 0 2 0 =3
0 1 2 0 1 0 0 =1433
0 1 2 0 1 0 1 =289
0 1 2 0 1 1 0 =23
0 1 2 0 1 1 1 =3
0 1 2 0 2 0 0 =178
0 1 2 0 2 0 1 =1
0 1 2 0 2 1 0 =3
0 1 2 1 0 0 0 =1430
0 1 2 1 0 0 1 =332
0 1 2 1 0 0 2 =1
0 1 2 1 0 1 0 =25
0 1 2 1 0 1 1 =3
0 1 2 1 1 0 0 =306
0 1 2 1 1 0 1 =2
0 1 2 1 1 1 0 =7
0 1 2 2 0 0 0 =166
0 1 2 2 0 1 0 =6
0 1 2 2 1 0 0 =1
0 1 2 3 0 0 0 =1
0 1 3 0 0 0 0 =618
0 1 3 0 0 0 1 =96
0 1 3 0 0 0 2 =13
0 1 3 0 0 1 0 =17
0 1 3 0 0 1 1 =1
0 1 3 0 1 0 0 =94
0 1 3 0 1 0 1 =24
0 1 3 0 1 1 0 =3
0 1 3 0 2 0 0 =12
0 1 3 1 0 0 0 =94
0 1 3 1 0 0 1 =19
0 1 3 1 0 1 0 =2
0 1 3 1 1 0 0 =19
0 1 3 1 1 0 1 =1
0 1 3 2 0 0 0 =7
0 1 4 0 0 0 0 =91
0 1 4 0 0 0 1 =7
0 1 4 0 1 0 0 =11
0 1 4 0 1 0 1 =1
0 1 4 1 0 0 0 =15
0 1 4 1 0 0 1 =5
0 1 4 1 1 0 0 =1
0 1 4 2 0 0 0 =1
0 1 5 0 0 0 0 =4
0 1 5 0 0 0 1 =2
0 1 5 0 1 0 0 =1
0 1 6 0 0 0 0 =2
0 10 0 0 0 0 0 =18
0 10 1 0 0 0 0 =15
0 10 1 1 0 0 0 =1
0 10 2 0 0 0 0 =27
0 10 2 0 0 0 1 =1
0 10 2 0 0 1 0 =1
0 10 2 0 1 0 0 =2
0 10 2 1 0 0 0 =1
0 10 3 0 0 0 0 =2
0 10 4 0 0 0 0 =1
0 11 0 0 0 0 0 =1
0 11 0 0 0 0 1 =1
0 11 1 0 0 0 0 =4
0 11 2 0 0 0 0 =7
0 12 0 0 0 0 0 =3
0 12 2 0 0 0 0 =1
0 13 2 0 0 0 0 =2
0 2 0 0 0 0 0 =131680
0 2 0 0 0 0 1 =11977
0 2 0 0 0 0 2 =1239
0 2 0 0 0 0 3 =1
0 2 0 0 0 1 0 =52121
0 2 0 0 0 1 1 =199
0 2 0 0 0 1 2 =28
0 2 0 0 0 2 0 =305
0 2 0 0 0 2 1 =1
0 2 0 0 0 2 2 =1
0 2 0 0 0 3 0 =1
0 2 0 0 1 0 0 =11756
0 2 0 0 1 0 1 =15
0 2 0 0 1 1 0 =203
0 2 0 0 1 1 1 =1
0 2 0 0 1 2 0 =1
0 2 0 0 2 0 0 =1201
0 2 0 0 2 1 0 =22
0 2 0 0 3 0 0 =1
0 2 0 1 0 0 0 =11849
0 2 0 1 0 0 1 =14
0 2 0 1 0 1 0 =190
0 2 0 1 1 0 0 =17
0 2 0 2 0 0 0 =1091
0 2 0 2 0 0 1 =1
0 2 0 2 0 1 0 =19
0 2 0 3 0 0 0 =1
0 2 1 0 0 0 0 =10289
0 2 1 0 0 0 1 =1244
0 2 1 0 0 0 2 =71
0 2 1 0 0 1 0 =777
0 2 1 0 0 1 1 =21
0 2 1 0 0 2 0 =5
0 2 1 0 1 0 0 =1283
0 2 1 0 1 0 1 =95
0 2 1 0 1 1 0 =33
0 2 1 0 1 1 1 =3
0 2 1 0 1 2 0 =2
0 2 1 0 2 0 0 =72
0 2 1 0 2 1 0 =2
0 2 1 1 0 0 0 =1254
0 2 1 1 0 0 1 =79
0 2 1 1 0 1 0 =14
0 2 1 1 0 1 1 =3
0 2 1 1 1 0 0 =74
0 2 1 1 1 0 1 =4
0 2 1 1 1 1 0 =1
0 2 1 2 0 0 0 =61
0 2 1 2 0 0 1 =1
0 2 1 3 0 0 0 =1
0 2 2 0 0 0 0 =9564
0 2 2 0 0 0 1 =2724
0 2 2 0 0 0 2 =103
0 2 2 0 0 1 0 =235
0 2 2 0 0 1 1 =62
0 2 2 0 0 1 2 =2
0 2 2 0 0 2 0 =3
0 2 2 0 0 3 0 =1
0 2 2 0 1 0 0 =2738
0 2 2 0 1 0 1 =176
0 2 2 0 1 0 2 =1
0 2 2 0 1 1 0 =37
0 2 2 0 1 1 1 =4
0 2 2 0 2 0 0 =105
0 2 2 0 2 1 0 =4
0 2 2 1 0 0 0 =2615
0 2 2 1 0 0 1 =157
0 2 2 1 0 1 0 =51
0 2 2 1 0 1 1 =2
0 2 2 1 0 2 0 =2
0 2 2 1 1 0 0 =193
0 2 2 1 1 0 1 =3
0 2 2 1 1 1 0 =3
0 2 2 1 2 0 0 =1
0 2 2 2 0 0 0 =99
0 2 2 2 0 0 1 =1
0 2 2 2 0 1 0 =2
0 2 2 2 1 0 0 =3
0 2 3 0 0 0 0 =607
0 2 3 0 0 0 1 =169
0 2 3 0 0 0 2 =5
0 2 3 0 0 1 0 =7
0 2 3 0 0 1 1 =4
0 2 3 0 1 0 0 =189
0 2 3 0 1 0 1 =7
0 2 3 0 2 0 0 =4
0 2 3 1 0 0 0 =169
0 2 3 1 0 0 1 =6
0 2 3 1 0 1 0 =3
0 2 3 1 1 0 0 =6
0 2 3 2 0 0 0 =6
0 2 3 2 1 0 0 =1
0 2 4 0 0 0 0 =55
0 2 4 0 0 0 1 =13
0 2 4 0 1 0 0 =13
0 2 4 0 2 0 0 =1
0 2 4 1 0 0 0 =9
0 2 4 1 0 0 1 =1
0 2 4 2 0 0 0 =2
0 2 5 0 0 0 0 =4
0 2 5 0 1 0 0 =3
0 3 0 0 0 0 0 =156889
0 3 0 0 0 0 1 =4196
0 3 0 0 0 0 2 =439
0 3 0 0 0 1 0 =18780
0 3 0 0 0 1 1 =65
0 3 0 0 0 1 2 =8
0 3 0 0 0 2 0 =129
0 3 0 0 0 2 1 =1
0 3 0 0 1 0 0 =4300
0 3 0 0 1 0 1 =2
0 3 0 0 1 0 2 =1
0 3 0 0 1 1 0 =64
0 3 0 0 2 0 0 =441
0 3 0 0 2 1 0 =6
0 3 0 1 0 0 0 =4185
0 3 0 1 0 0 1 =4
0 3 0 1 0 1 0 =69
0 3 0 1 0 2 0 =2
0 3 0 1 1 0 0 =7
0 3 0 2 0 0 0 =370
0 3 0 2 0 1 0 =7
0 3 0 2 0 2 0 =1
0 3 1 0 0 0 0 =8727
0 3 1 0 0 0 1 =917
0 3 1 0 0 0 2 =27
0 3 1 0 0 1 0 =307
0 3 1 0 0 1 1 =14
0 3 1 0 0 2 0 =1
0 3 1 0 1 0 0 =982
0 3 1 0 1 0 1 =39
0 3 1 0 1 0 2 =1
0 3 1 0 1 1 0 =19
0 3 1 0 2 0 0 =25
0 3 1 1 0 0 0 =880
0 3 1 1 0 0 1 =34
0 3 1 1 0 0 2 =1
0 3 1 1 0 1 0 =22
0 3 1 1 0 1 1 =1
0 3 1 1 1 0 0 =39
0 3 1 1 1 0 1 =1
0 3 1 1 1 1 0 =1
0 3 1 1 2 0 0 =1
0 3 1 2 0 0 0 =32
0 3 1 2 0 1 0 =1
0 3 1 2 1 0 0 =1
0 3 2 0 0 0 0 =10911
0 3 2 0 0 0 1 =2071
0 3 2 0 0 0 2 =40
0 3 2 0 0 0 3 =1
0 3 2 0 0 1 0 =196
0 3 2 0 0 1 1 =30
0 3 2 0 0 1 2 =2
0 3 2 0 0 2 0 =1
0 3 2 0 1 0 0 =2149
0 3 2 0 1 0 1 =83
0 3 2 0 1 1 0 =24
0 3 2 0 1 1 1 =2
0 3 2 0 1 2 0 =1
0 3 2 0 2 0 0 =44
0 3 2 0 2 0 1 =1
0 3 2 1 0 0 0 =1900
0 3 2 1 0 0 1 =78
0 3 2 1 0 1 0 =32
0 3 2 1 0 1 1 =2
0 3 2 1 1 0 0 =80
0 3 2 1 1 1 0 =1
0 3 2 2 0 0 0 =36
0 3 2 2 1 0 0 =1
0 3 2 3 0 0 0 =1
0 3 3 0 0 0 0 =733
0 3 3 0 0 0 1 =120
0 3 3 0 0 0 2 =2
0 3 3 0 0 1 0 =9
0 3 3 0 0 1 1 =1
0 3 3 0 1 0 0 =122
0 3 3 0 1 0 1 =4
0 3 3 0 1 1 0 =2
0 3 3 1 0 0 0 =124
0 3 3 1 0 0 1 =5
0 3 3 1 1 0 0 =5
0 3 3 2 0 0 0 =1
0 3 4 0 0 0 0 =83
0 3 4 0 0 0 1 =9
0 3 4 0 0 1 0 =1
0 3 4 0 1 0 0 =11
0 3 4 0 1 0 1 =1
0 3 4 1 0 0 0 =10
0 3 4 1 0 1 0 =1
0 3 5 0 0 0 0 =6
0 3 5 0 0 0 1 =1
0 3 5 0 1 0 0 =1
0 3 5 1 0 0 0 =1
0 4 0 0 0 0 0 =87543
0 4 0 0 0 0 1 =1204
0 4 0 0 0 0 2 =134
0 4 0 0 0 1 0 =5330
0 4 0 0 0 1 1 =15
0 4 0 0 0 1 2 =3
0 4 0 0 0 2 0 =42
0 4 0 0 1 0 0 =1148
0 4 0 0 1 0 1 =1
0 4 0 0 1 1 0 =24
0 4 0 0 2 0 0 =98
0 4 0 0 2 1 0 =1
0 4 0 1 0 0 0 =1090
0 4 0 1 0 0 1 =5
0 4 0 1 0 1 0 =18
0 4 0 1 1 0 0 =1
0 4 0 2 0 0 0 =89
0 4 0 2 0 1 0 =1
0 4 1 0 0 0 0 =6209
0 4 1 0 0 0 1 =536
0 4 1 0 0 0 2 =9
0 4 1 0 0 1 0 =152
0 4 1 0 0 1 1 =5
0 4 1 0 1 0 0 =478
0 4 1 0 1 0 1 =12
0 4 1 0 1 1 0 =6
0 4 1 0 1 1 1 =1
0 4 1 0 2 0 0 =5
0 4 1 1 0 0 0 =453
0 4 1 1 0 0 1 =18
0 4 1 1 0 0 2 =1
0 4 1 1 0 1 0 =6
0 4 1 1 0 1 1 =1
0 4 1 1 1 0 0 =13
0 4 1 2 0 0 0 =6
0 4 2 0 0 0 0 =11003
0 4 2 0 0 0 1 =1049
0 4 2 0 0 0 2 =17
0 4 2 0 0 1 0 =150
0 4 2 0 0 1 1 =18
0 4 2 0 0 1 2 =1
0 4 2 0 1 0 0 =1013
0 4 2 0 1 0 1 =32
0 4 2 0 1 1 0 =14
0 4 2 0 2 0 0 =13
0 4 2 0 2 1 0 =2
0 4 2 1 0 0 0 =1021
0 4 2 1 0 0 1 =15
0 4 2 1 0 1 0 =11
0 4 2 1 0 1 1 =1
0 4 2 1 1 0 0 =27
0 4 2 2 0 0 0 =15
0 4 3 0 0 0 0 =711
0 4 3 0 0 0 1 =61
0 4 3 0 0 0 2 =1
0 4 3 0 0 1 0 =12
0 4 3 0 0 1 1 =2
0 4 3 0 1 0 0 =54
0 4 3 0 1 0 1 =2
0 4 3 1 0 0 0 =51
0 4 3 1 0 0 1 =1
0 4 3 1 1 0 0 =3
0 4 3 2 0 0 0 =4
0 4 4 0 0 0 0 =61
0 4 4 0 0 0 1 =4
0 4 4 0 1 0 0 =6
0 4 4 1 0 0 0 =6
0 4 5 0 0 0 0 =4
0 4 5 0 0 0 1 =1
0 4 5 1 0 0 0 =1
0 4 6 0 0 0 0 =1
0 5 0 0 0 0 0 =31357
0 5 0 0 0 0 1 =289
0 5 0 0 0 0 2 =27
0 5 0 0 0 1 0 =1326
0 5 0 0 0 1 1 =5
0 5 0 0 0 2 0 =6
0 5 0 0 1 0 0 =283
0 5 0 0 1 0 1 =3
0 5 0 0 1 1 0 =6
0 5 0 0 1 2 0 =1
0 5 0 0 2 0 0 =28
0 5 0 0 2 1 0 =1
0 5 0 1 0 0 0 =271
0 5 0 1 0 0 1 =1
0 5 0 1 0 1 0 =2
0 5 0 2 0 0 0 =18
0 5 0 2 0 0 1 =1
0 5 0 2 0 1 0 =1
0 5 1 0 0 0 0 =3577
0 5 1 0 0 0 1 =175
0 5 1 0 0 0 2 =2
0 5 1 0 0 1 0 =57
0 5 1 0 0 1 1 =3
0 5 1 0 0 1 2 =1
0 5 1 0 0 2 0 =1
0 5 1 0 1 0 0 =197
0 5 1 0 1 0 1 =7
0 5 1 0 1 1 0 =1
0 5 1 0 2 0 0 =7
0 5 1 0 3 0 0 =1
0 5 1 1 0 0 0 =191
0 5 1 1 0 0 1 =7
0 5 1 1 0 1 0 =3
0 5 1 1 1 0 0 =5
0 5 1 2 0 0 0 =3
0 5 2 0 0 0 0 =6804
0 5 2 0 0 0 1 =389
0 5 2 0 0 0 2 =5
0 5 2 0 0 1 0 =93
0 5 2 0 0 1 1 =5
0 5 2 0 0 2 0 =1
0 5 2 0 1 0 0 =401
0 5 2 0 1 0 1 =20
0 5 2 0 1 1 0 =3
0 5 2 0 2 0 0 =5
0 5 2 1 0 0 0 =416
0 5 2 1 0 0 1 =8
0 5 2 1 0 1 0 =4
0 5 2 1 1 0 0 =10
0 5 2 2 0 0 0 =4
0 5 3 0 0 0 0 =429
0 5 3 0 0 0 1 =26
0 5 3 0 0 1 0 =6
0 5 3 0 1 0 0 =35
0 5 3 0 1 0 1 =1
0 5 3 0 2 0 0 =1
0 5 3 1 0 0 0 =24
0 5 3 1 0 0 1 =1
0 5 3 2 0 0 0 =1
0 5 4 0 0 0 0 =38
0 5 4 0 0 0 1 =2
0 5 4 0 1 0 0 =6
0 5 4 1 0 0 0 =2
0 5 5 0 0 0 0 =7
0 6 0 0 0 0 0 =8866
0 6 0 0 0 0 1 =79
0 6 0 0 0 0 2 =3
0 6 0 0 0 1 0 =280
0 6 0 0 0 1 1 =1
0 6 0 0 0 2 0 =2
0 6 0 0 1 0 0 =85
0 6 0 0 1 1 0 =1
0 6 0 0 2 0 0 =9
0 6 0 1 0 0 0 =56
0 6 0 1 0 1 0 =3
0 6 0 2 0 0 0 =6
0 6 1 0 0 0 0 =1651
0 6 1 0 0 0 1 =55
0 6 1 0 0 1 0 =21
0 6 1 0 0 1 1 =2
0 6 1 0 1 0 0 =61
0 6 1 0 1 0 1 =2
0 6 1 1 0 0 0 =55
0 6 1 1 0 0 1 =1
0 6 1 1 1 0 0 =1
0 6 1 2 0 0 0 =1
0 6 2 0 0 0 0 =3093
0 6 2 0 0 0 1 =140
0 6 2 0 0 1 0 =35
0 6 2 0 0 1 1 =2
0 6 2 0 1 0 0 =110
0 6 2 0 1 0 1 =1
0 6 2 0 1 1 0 =1
0 6 2 0 2 0 0 =3
0 6 2 1 0 0 0 =125
0 6 2 1 0 0 1 =4
0 6 2 1 0 1 0 =4
0 6 2 2 0 0 0 =3
0 6 3 0 0 0 0 =207
0 6 3 0 0 0 1 =9
0 6 3 0 0 1 0 =4
0 6 3 0 1 0 0 =9
0 6 3 1 0 0 0 =6
0 6 4 0 0 0 0 =19
0 6 4 0 0 1 0 =1
0 6 4 0 1 0 0 =2
0 6 4 1 0 0 0 =1
0 6 5 0 0 0 0 =2
0 6 5 0 1 0 0 =1
0 7 0 0 0 0 0 =2148
0 7 0 0 0 0 1 =18
0 7 0 0 0 1 0 =59
0 7 0 0 0 2 0 =2
0 7 0 0 1 0 0 =19
0 7 0 1 0 0 0 =10
0 7 1 0 0 0 0 =612
0 7 1 0 0 0 1 =14
0 7 1 0 0 1 0 =8
0 7 1 0 0 1 1 =1
0 7 1 0 1 0 0 =18
0 7 1 1 0 0 0 =19
0 7 1 1 0 0 1 =1
0 7 1 1 0 1 0 =1
0 7 1 2 0 1 0 =1
0 7 2 0 0 0 0 =1173
0 7 2 0 0 0 1 =29
0 7 2 0 0 0 2 =1
0 7 2 0 0 1 0 =15
0 7 2 0 1 0 0 =38
0 7 2 0 1 1 0 =2
0 7 2 1 0 0 0 =24
0 7 2 1 0 0 1 =3
0 7 2 1 1 0 0 =1
0 7 3 0 0 0 0 =54
0 7 3 0 0 0 1 =1
0 7 3 0 0 1 0 =1
0 7 3 0 1 0 0 =4
0 7 3 1 0 0 0 =2
0 7 4 0 0 0 0 =10
0 7 4 1 0 0 0 =1
0 8 0 0 0 0 0 =485
0 8 0 0 0 0 1 =4
0 8 0 0 0 0 2 =1
0 8 0 0 0 1 0 =11
0 8 0 0 1 0 0 =3
0 8 0 1 0 0 0 =2
0 8 1 0 0 0 0 =218
0 8 1 0 0 0 1 =3
0 8 1 0 0 1 0 =5
0 8 1 0 1 0 0 =5
0 8 1 1 0 0 0 =8
0 8 2 0 0 0 0 =390
0 8 2 0 0 0 1 =13
0 8 2 0 0 1 0 =6
0 8 2 0 1 0 0 =13
0 8 2 1 0 0 0 =11
0 8 2 2 0 0 0 =1
0 8 3 0 0 0 0 =34
0 8 3 0 1 0 0 =4
0 8 3 1 0 0 0 =1
0 8 4 0 0 0 0 =1
0 9 0 0 0 0 0 =92
0 9 0 0 0 1 0 =2
0 9 0 0 1 0 0 =1
0 9 1 0 0 0 0 =73
0 9 1 0 0 1 0 =2
0 9 1 0 1 0 0 =2
0 9 2 0 0 0 0 =116
0 9 2 0 0 0 1 =2
0 9 2 0 0 1 0 =1
0 9 2 0 1 0 0 =2
0 9 2 1 0 0 0 =1
0 9 3 0 0 0 0 =6
0 9 4 0 0 0 0 =2
1 0 0 0 0 0 0 =135
1 0 0 0 0 0 1 =44
1 0 0 0 0 0 2 =4
1 0 0 0 0 1 0 =57
1 0 0 0 0 1 2 =1
1 0 0 0 1 0 0 =55
1 0 0 0 2 0 0 =1
1 0 0 1 0 0 0 =37
1 0 0 1 0 1 0 =1
1 0 0 2 0 0 0 =4
1 0 1 0 0 0 0 =52
1 0 1 0 0 0 1 =7
1 0 1 0 0 0 2 =2
1 0 1 0 0 1 1 =1
1 0 1 0 1 0 0 =5
1 0 1 0 1 0 1 =1
1 0 1 0 2 0 0 =1
1 0 1 0 2 1 0 =1
1 0 1 1 0 0 0 =2
1 0 1 1 0 0 1 =3
1 0 1 1 1 0 0 =1
1 0 2 0 0 0 0 =22
1 0 2 0 0 0 1 =9
1 0 2 0 0 0 2 =2
1 0 2 0 0 1 1 =1
1 0 2 0 1 0 0 =7
1 0 2 0 1 0 1 =3
1 0 2 0 2 0 0 =4
1 0 2 1 0 0 0 =8
1 0 2 1 0 0 1 =1
1 0 2 1 0 1 0 =1
1 0 2 1 1 0 0 =5
1 0 2 2 0 0 0 =4
1 0 3 0 0 0 0 =1
1 0 3 0 0 1 0 =1
1 0 3 0 2 0 0 =1
1 1 0 0 0 0 0 =2389
1 1 0 0 0 0 1 =314
1 1 0 0 0 0 2 =1
1 1 0 0 0 1 0 =70
1 1 0 0 0 1 1 =2
1 1 0 0 1 0 0 =337
1 1 0 0 1 1 0 =4
1 1 0 0 2 0 0 =1
1 1 0 0 3 0 0 =1
1 1 0 1 0 0 0 =274
1 1 0 1 0 1 0 =8
1 1 0 2 0 0 0 =1
1 1 0 2 0 2 0 =1
1 1 1 0 0 0 0 =94
1 1 1 0 0 0 1 =12
1 1 1 0 0 0 2 =2
1 1 1 0 0 1 0 =2
1 1 1 0 1 0 0 =13
1 1 1 0 1 1 0 =1
1 1 1 0 2 0 0 =2
1 1 1 1 0 0 0 =14
1 1 1 1 0 1 0 =1
1 1 1 1 1 0 0 =1
1 1 1 1 1 1 0 =1
1 1 1 2 0 0 0 =1
1 1 2 0 0 0 0 =52
1 1 2 0 0 0 1 =23
1 1 2 0 0 0 2 =3
1 1 2 0 1 0 0 =21
1 1 2 0 1 0 1 =4
1 1 2 0 2 0 0 =3
1 1 2 1 0 0 0 =26
1 1 2 1 0 0 1 =7
1 1 2 1 0 1 1 =1
1 1 2 1 1 0 0 =6
1 1 2 2 0 0 0 =3
1 1 3 0 0 0 0 =6
1 1 3 0 0 0 1 =3
1 1 3 0 1 0 0 =3
1 1 3 1 0 0 1 =1
1 1 4 0 0 0 0 =2
1 1 4 0 1 0 0 =2
1 1 5 0 0 0 0 =1
1 10 0 1 0 0 0 =1
1 2 0 0 0 0 0 =2534
1 2 0 0 0 0 1 =353
1 2 0 0 0 1 0 =35
1 2 0 0 0 1 1 =4
1 2 0 0 0 2 1 =1
1 2 0 0 1 0 0 =328
1 2 0 0 1 1 0 =4
1 2 0 1 0 0 0 =287
1 2 0 1 0 1 0 =6
1 2 1 0 0 0 0 =121
1 2 1 0 0 0 1 =29
1 2 1 0 0 1 0 =1
1 2 1 0 1 0 0 =39
1 2 1 0 1 0 1 =3
1 2 1 0 2 0 0 =2
1 2 1 1 0 0 0 =35
1 2 1 1 0 0 1 =2
1 2 1 1 1 0 0 =5
1 2 1 2 0 0 0 =4
1 2 2 0 0 0 0 =92
1 2 2 0 0 0 1 =56
1 2 2 0 0 0 2 =1
1 2 2 0 0 1 1 =1
1 2 2 0 1 0 0 =59
1 2 2 0 1 0 1 =11
1 2 2 0 1 1 0 =1
1 2 2 0 2 0 0 =2
1 2 2 1 0 0 0 =56
1 2 2 1 0 0 1 =4
1 2 2 1 0 1 0 =1
1 2 2 1 1 0 0 =5
1 2 2 2 0 0 0 =3
1 2 3 0 0 0 0 =1
1 2 3 0 0 0 1 =2
1 2 3 0 1 0 0 =2
1 2 3 1 0 0 0 =2
1 2 5 0 0 0 0 =1
1 3 0 0 0 0 0 =1354
1 3 0 0 0 0 1 =185
1 3 0 0 0 1 0 =22
1 3 0 0 0 1 1 =3
1 3 0 0 1 0 0 =190
1 3 0 0 1 1 0 =5
1 3 0 0 1 2 0 =1
1 3 0 0 2 0 0 =1
1 3 0 1 0 0 0 =163
1 3 0 1 0 1 0 =3
1 3 1 0 0 0 0 =80
1 3 1 0 0 0 1 =32
1 3 1 0 0 0 2 =2
1 3 1 0 0 1 0 =1
1 3 1 0 0 1 1 =1
1 3 1 0 1 0 0 =30
1 3 1 0 1 0 1 =2
1 3 1 1 0 0 0 =33
1 3 1 1 0 1 0 =1
1 3 1 1 2 0 0 =1
1 3 1 2 0 0 0 =1
1 3 2 0 0 0 0 =73
1 3 2 0 0 0 1 =56
1 3 2 0 0 0 2 =2
1 3 2 0 0 1 0 =1
1 3 2 0 1 0 0 =40
1 3 2 0 1 0 1 =4
1 3 2 0 1 1 0 =1
1 3 2 0 1 1 1 =1
1 3 2 0 2 0 0 =2
1 3 2 1 0 0 0 =35
1 3 2 1 0 0 1 =5
1 3 2 1 0 1 0 =1
1 3 2 1 1 0 0 =7
1 3 2 2 0 0 0 =1
1 3 3 0 0 0 0 =10
1 3 3 0 0 0 1 =3
1 3 3 0 1 0 0 =1
1 3 3 1 0 0 0 =4
1 3 4 0 0 0 0 =1
1 3 4 0 1 0 0 =2
1 4 0 0 0 0 0 =504
1 4 0 0 0 0 1 =88
1 4 0 0 0 1 0 =3
1 4 0 0 0 1 1 =1
1 4 0 0 1 0 0 =81
1 4 0 0 1 1 0 =4
1 4 0 1 0 0 0 =59
1 4 0 1 0 1 0 =1
1 4 1 0 0 0 0 =60
1 4 1 0 0 0 1 =21
1 4 1 0 0 1 0 =1
1 4 1 0 1 0 0 =17
1 4 1 0 1 0 1 =1
1 4 1 1 0 0 0 =13
1 4 1 1 0 0 1 =1
1 4 1 1 0 1 0 =2
1 4 1 1 1 0 0 =1
1 4 1 2 0 0 0 =1
1 4 2 0 0 0 0 =82
1 4 2 0 0 0 1 =32
1 4 2 0 0 1 0 =1
1 4 2 0 0 1 1 =3
1 4 2 0 1 0 0 =35
1 4 2 0 1 0 1 =2
1 4 2 0 2 0 0 =1
1 4 2 1 0 0 0 =24
1 4 2 1 0 0 1 =1
1 4 2 1 0 1 0 =2
1 4 2 1 1 0 0 =3
1 4 2 2 0 0 0 =2
1 4 3 0 0 0 0 =3
1 4 3 0 0 0 1 =1
1 4 3 0 1 0 0 =1
1 4 3 1 0 0 0 =3
1 4 4 0 1 0 1 =1
1 5 0 0 0 0 0 =164
1 5 0 0 0 0 1 =24
1 5 0 0 0 1 0 =2
1 5 0 0 0 1 1 =1
1 5 0 0 1 0 0 =10
1 5 0 0 1 1 0 =1
1 5 0 1 0 0 0 =29
1 5 1 0 0 0 0 =18
1 5 1 0 0 0 1 =9
1 5 1 0 0 0 2 =1
1 5 1 0 1 0 0 =6
1 5 1 0 1 1 0 =1
1 5 1 0 2 0 0 =1
1 5 1 1 0 0 0 =14
1 5 2 0 0 0 0 =45
1 5 2 0 0 0 1 =10
1 5 2 0 0 0 2 =1
1 5 2 0 0 1 0 =1
1 5 2 0 1 0 0 =14
1 5 2 0 1 0 1 =2
1 5 2 1 0 0 0 =13
1 5 2 1 0 1 0 =1
1 5 3 0 0 0 1 =1
1 5 3 1 0 0 0 =1
1 5 3 1 0 0 1 =1
1 6 0 0 0 0 0 =37
1 6 0 0 0 0 1 =11
1 6 0 0 0 1 1 =1
1 6 0 0 1 0 0 =13
1 6 0 1 0 0 0 =10
1 6 1 0 0 0 0 =11
1 6 1 0 0 0 1 =2
1 6 1 0 1 0 0 =4
1 6 1 1 0 0 0 =3
1 6 2 0 0 0 0 =14
1 6 2 0 0 0 1 =3
1 6 2 0 0 1 0 =1
1 6 2 0 1 0 0 =4
1 6 2 0 1 0 1 =1
1 6 2 1 0 0 0 =9
1 7 0 0 0 0 0 =16
1 7 0 0 0 0 1 =3
1 7 0 0 1 0 0 =1
1 7 0 1 0 0 0 =3
1 7 1 0 0 0 0 =4
1 7 1 0 0 0 1 =3
1 7 1 0 1 0 0 =1
1 7 1 1 0 0 1 =1
1 7 2 0 0 0 0 =6
1 7 2 0 0 0 1 =1
1 7 2 0 1 0 0 =3
1 7 2 1 0 0 0 =1
1 8 0 0 0 0 0 =2
1 8 0 0 1 0 0 =1
1 8 0 1 0 0 0 =1
1 8 1 0 0 0 0 =2
1 8 1 1 1 0 0 =1
1 8 2 0 0 0 0 =1
1 8 2 0 1 0 0 =3
1 9 0 0 0 0 0 =2
1 9 2 0 0 0 0 =1
1 9 2 0 0 1 0 =1
1 9 2 0 1 0 0 =1
