0 0 0 0 0 0 0 =16067
0 0 0 0 0 0 1 =3208
0 0 0 0 0 0 2 =165
0 0 0 0 0 0 3 =2
0 0 0 0 0 1 0 =13123
0 0 0 0 0 1 1 =77
0 0 0 0 0 1 2 =13
0 0 0 0 0 2 0 =221
0 0 0 0 0 2 1 =1
0 0 0 0 0 3 0 =1
0 0 0 0 1 0 0 =3523
0 0 0 0 1 0 1 =34
0 0 0 0 1 0 2 =2
0 0 0 0 1 1 0 =63
0 0 0 0 1 1 1 =2
0 0 0 0 2 0 0 =487
0 0 0 0 2 0 1 =1
0 0 0 0 2 1 0 =14
0 0 0 0 3 0 0 =1
0 0 0 1 0 0 0 =3395
0 0 0 1 0 0 1 =35
0 0 0 1 0 0 2 =1
0 0 0 1 0 1 0 =68
0 0 0 1 0 2 0 =1
0 0 0 1 1 0 0 =41
0 0 0 1 1 0 1 =1
0 0 0 2 0 0 0 =420
0 0 0 2 0 0 1 =1
0 0 0 2 0 1 0 =16
0 0 0 2 0 1 1 =1
0 0 0 3 0 0 0 =1
0 0 1 0 0 0 0 =2450
0 0 1 0 0 0 1 =394
0 0 1 0 0 0 2 =177
0 0 1 0 0 1 0 =1925
0 0 1 0 0 1 1 =7
0 0 1 0 0 1 2 =4
0 0 1 0 0 2 0 =11
0 0 1 0 1 0 0 =402
0 0 1 0 1 0 1 =137
0 0 1 0 1 0 2 =1
0 0 1 0 1 1 0 =6
0 0 1 0 1 1 1 =1
0 0 1 0 2 0 0 =157
0 0 1 0 2 1 0 =4
0 0 1 0 3 0 0 =1
0 0 1 1 0 0 0 =403
0 0 1 1 0 0 1 =127
0 0 1 1 0 0 2 =1
0 0 1 1 0 1 0 =7
0 0 1 1 0 1 1 =4
0 0 1 1 1 0 0 =129
0 0 1 1 1 0 1 =1
0 0 1 1 1 1 0 =4
0 0 1 2 0 0 0 =154
0 0 1 2 0 0 1 =1
0 0 1 2 0 1 0 =1
0 0 1 2 1 0 0 =2
0 0 2 0 0 0 0 =1664
0 0 2 0 0 0 1 =418
0 0 2 0 0 0 2 =191
0 0 2 0 0 1 0 =555
0 0 2 0 0 1 1 =13
0 0 2 0 0 1 2 =6
0 0 2 0 1 0 0 =436
0 0 2 0 1 0 1 =356
0 0 2 0 1 0 2 =1
0 0 2 0 1 1 0 =5
0 0 2 0 1 1 1 =6
0 0 2 0 1 2 0 =2
0 0 2 0 2 0 0 =198
0 0 2 0 2 1 0 =1
0 0 2 0 2 2 0 =1
0 0 2 1 0 0 0 =381
0 0 2 1 0 0 1 =343
0 0 2 1 0 0 2 =3
0 0 2 1 0 1 0 =16
0 0 2 1 0 1 1 =1
0 0 2 1 0 1 2 =1
0 0 2 1 1 0 0 =343
0 0 2 1 1 0 1 =5
0 0 2 1 1 1 0 =7
0 0 2 2 0 0 0 =203
0 0 2 2 0 0 1 =4
0 0 2 2 0 1 0 =4
0 0 2 2 1 0 0 =1
0 0 3 0 0 0 0 =493
0 0 3 0 0 0 1 =29
0 0 3 0 0 0 2 =15
0 0 3 0 0 1 0 =33
0 0 3 0 0 1 1 =1
0 0 3 0 1 0 0 =40
0 0 3 0 1 0 1 =22
0 0 3 0 1 1 0 =1
0 0 3 0 2 0 0 =12
0 0 3 1 0 0 0 =23
0 0 3 1 0 0 1 =15
0 0 3 1 1 0 0 =18
0 0 3 1 1 1 0 =1
0 0 3 2 0 0 0 =3
0 0 3 2 0 1 0 =1
0 0 4 0 0 0 0 =100
0 0 4 0 0 0 1 =2
0 0 4 0 0 0 2 =2
0 0 4 0 1 0 0 =3
0 0 4 0 1 0 1 =2
0 0 4 1 0 0 0 =5
0 0 4 1 0 0 1 =1
0 0 4 1 1 0 0 =4
0 0 5 0 0 0 0 =5
0 0 5 0 0 1 0 =1
0 0 5 1 0 0 0 =1
0 0 6 0 0 0 0 =2
0 0 6 0 0 1 0 =1
0 1 0 0 0 0 0 =80026
0 1 0 0 0 0 1 =18985
0 1 0 0 0 0 2 =1962
0 1 0 0 0 0 3 =1
0 1 0 0 0 1 0 =85300
0 1 0 0 0 1 1 =269
0 1 0 0 0 1 2 =30
0 1 0 0 0 2 0 =574
0 1 0 0 0 2 1 =4
0 1 0 0 0 3 0 =2
0 1 0 0 1 0 0 =18739
0 1 0 0 1 0 1 =30
0 1 0 0 1 0 2 =1
0 1 0 0 1 1 0 =302
0 1 0 0 1 1 1 =2
0 1 0 0 1 2 0 =2
0 1 0 0 2 0 0 =1886
0 1 0 0 2 1 0 =36
0 1 0 1 0 0 0 =17959
0 1 0 1 0 0 1 =34
0 1 0 1 0 0 2 =1
0 1 0 1 0 1 0 =265
0 1 0 1 1 0 0 =26
0 1 0 1 1 1 0 =1
0 1 0 2 0 0 0 =1706
0 1 0 2 0 1 0 =33
0 1 0 2 0 2 0 =1
0 1 0 2 1 1 0 =1
0 1 1 0 0 0 0 =8853
0 1 1 0 0 0 1 =1084
0 1 1 0 0 0 2 =126
0 1 1 0 0 1 0 =1710
0 1 1 0 0 1 1 =18
0 1 1 0 0 1 2 =3
0 1 1 0 0 2 0 =7
0 1 1 0 1 0 0 =1064
0 1 1 0 1 0 1 =126
0 1 1 0 1 0 2 =1
0 1 1 0 1 1 0 =22
0 1 1 0 1 1 1 =3
0 1 1 0 2 0 0 =119
0 1 1 0 2 0 1 =1
0 1 1 0 2 1 0 =6
0 1 1 1 0 0 0 =966
0 1 1 1 0 0 1 =128
0 1 1 1 0 1 0 =21
0 1 1 1 0 1 1 =1
0 1 1 1 1 0 0 =152
0 1 1 1 1 0 1 =2
0 1 1 1 1 1 0 =3
0 1 1 2 0 0 0 =125
0 1 1 2 0 0 1 =2
0 1 1 2 1 0 0 =1
0 1 2 0 0 0 0 =7906
0 1 2 0 0 0 1 =1474
0 1 2 0 0 0 2 =206
0 1 2 0 0 0 3 =1
0 1 2 0 0 1 0 =429
0 1 2 0 0 1 1 =21
0 1 2 0 0 1 2 =6
0 1 2 0 0 2 0 =2
0 1 2 0 1 0 0 =1502
0 1 2 0 1 0 1 =336
0 1 2 0 1 0 2 =1
0 1 2 0 1 1 0 =23
0 1 2 0 1 1 1 =2
0 1 2 0 1 2 0 =1
0 1 2 0 2 0 0 =199
0 1 2 0 2 0 1 =1
0 1 2 0 2 1 0 =4
0 1 2 0 3 0 0 =1
0 1 2 1 0 0 0 =1515
0 1 2 1 0 0 1 =313
0 1 2 1 0 0 2 =1
0 1 2 1 0 1 0 =24
0 1 2 1 0 1 1 =3
0 1 2 1 1 0 0 =306
0 1 2 1 1 0 1 =1
0 1 2 1 1 1 0 =2
0 1 2 1 2 0 0 =3
0 1 2 2 0 0 0 =162
0 1 2 2 0 1 0 =2
0 1 2 2 1 0 0 =4
0 1 3 0 0 0 0 =606
0 1 3 0 0 0 1 =108
0 1 3 0 0 0 2 =14
0 1 3 0 0 1 0 =20
0 1 3 0 0 1 1 =3
0 1 3 0 0 2 0 =1
0 1 3 0 1 0 0 =93
0 1 3 0 1 0 1 =16
0 1 3 0 1 1 0 =3
0 1 3 0 1 1 1 =1
0 1 3 0 2 0 0 =14
0 1 3 0 2 0 1 =1
0 1 3 1 0 0 0 =88
0 1 3 1 0 0 1 =21
0 1 3 1 0 1 0 =1
0 1 3 1 0 1 1 =1
0 1 3 1 1 0 0 =15
0 1 3 2 0 0 0 =14
0 1 3 2 1 0 0 =1
0 1 4 0 0 0 0 =105
0 1 4 0 0 0 1 =6
0 1 4 0 0 1 0 =4
0 1 4 0 1 0 0 =12
0 1 4 0 1 0 1 =1
0 1 4 0 2 0 0 =1
0 1 4 1 0 0 0 =6
0 1 4 1 0 0 1 =2
0 1 4 1 0 1 0 =1
0 1 4 1 1 0 0 =6
0 1 5 0 0 0 0 =2
0 10 0 0 0 0 0 =25
0 10 1 0 0 0 0 =10
0 10 1 0 0 1 0 =1
0 10 1 0 1 0 0 =2
0 10 1 1 0 0 0 =1
0 10 2 0 0 0 0 =22
0 10 2 0 1 0 0 =1
0 10 2 1 0 0 0 =1
0 10 3 0 0 0 0 =1
0 10 5 0 0 0 0 =1
0 11 0 0 0 0 0 =4
0 11 1 0 0 0 0 =2
0 11 1 0 0 0 1 =1
0 11 2 0 0 0 0 =7
0 11 3 0 0 0 0 =1
0 12 1 0 0 0 0 =2
0 12 1 1 0 0 0 =1
0 13 0 0 0 0 0 =1
0 2 0 0 0 0 0 =131385
0 2 0 0 0 0 1 =11879
0 2 0 0 0 0 2 =1216
0 2 0 0 0 1 0 =52792
0 2 0 0 0 1 1 =193
0 2 0 0 0 1 2 =28
0 2 0 0 0 2 0 =331
0 2 0 0 0 2 1 =2
0 2 0 0 0 3 0 =1
0 2 0 0 1 0 0 =11797
0 2 0 0 1 0 1 =12
0 2 0 0 1 0 2 =1
0 2 0 0 1 1 0 =198
0 2 0 0 2 0 0 =1250
0 2 0 0 2 1 0 =27
0 2 0 1 0 0 0 =11459
0 2 0 1 0 0 1 =14
0 2 0 1 0 0 2 =1
0 2 0 1 0 1 0 =173
0 2 0 1 0 1 1 =1
0 2 0 1 0 2 0 =2
0 2 0 1 1 0 0 =13
0 2 0 1 1 1 0 =1
0 2 0 2 0 0 0 =1029
0 2 0 2 0 0 1 =1
0 2 0 2 0 1 0 =20
0 2 0 2 1 0 0 =1
0 2 1 0 0 0 0 =10309
0 2 1 0 0 0 1 =1371
0 2 1 0 0 0 2 =52
0 2 1 0 0 0 3 =1
0 2 1 0 0 1 0 =876
0 2 1 0 0 1 1 =21
0 2 1 0 0 1 2 =1
0 2 1 0 0 2 0 =8
0 2 1 0 1 0 0 =1301
0 2 1 0 1 0 1 =89
0 2 1 0 1 1 0 =16
0 2 1 0 1 1 1 =2
0 2 1 0 2 0 0 =73
0 2 1 0 2 0 1 =2
0 2 1 0 3 0 0 =1
0 2 1 1 0 0 0 =1302
0 2 1 1 0 0 1 =77
0 2 1 1 0 1 0 =17
0 2 1 1 0 1 1 =1
0 2 1 1 1 0 0 =82
0 2 1 1 1 0 1 =2
0 2 1 1 1 1 0 =3
0 2 1 1 2 0 0 =2
0 2 1 2 0 0 0 =53
0 2 1 2 0 1 0 =2
0 2 2 0 0 0 0 =9690
0 2 2 0 0 0 1 =2719
0 2 2 0 0 0 2 =92
0 2 2 0 0 1 0 =254
0 2 2 0 0 1 1 =35
0 2 2 0 0 1 2 =3
0 2 2 0 0 2 0 =3
0 2 2 0 1 0 0 =2581
0 2 2 0 1 0 1 =171
0 2 2 0 1 1 0 =35
0 2 2 0 1 1 1 =5
0 2 2 0 2 0 0 =94
0 2 2 0 2 1 0 =3
0 2 2 1 0 0 0 =2603
0 2 2 1 0 0 1 =173
0 2 2 1 0 0 2 =1
0 2 2 1 0 1 0 =41
0 2 2 1 0 1 1 =3
0 2 2 1 1 0 0 =181
0 2 2 1 1 1 0 =1
0 2 2 2 0 0 0 =76
0 2 2 2 0 1 0 =2
0 2 3 0 0 0 0 =631
0 2 3 0 0 0 1 =195
0 2 3 0 0 0 2 =2
0 2 3 0 0 1 0 =21
0 2 3 0 0 1 1 =2
0 2 3 0 1 0 0 =182
0 2 3 0 1 0 1 =12
0 2 3 0 2 0 0 =8
0 2 3 1 0 0 0 =150
0 2 3 1 0 0 1 =8
0 2 3 1 0 1 0 =4
0 2 3 1 1 0 0 =8
0 2 3 2 0 0 0 =7
0 2 3 2 0 1 0 =1
0 2 3 2 1 0 0 =1
0 2 4 0 0 0 0 =60
0 2 4 0 0 0 1 =16
0 2 4 0 0 1 0 =1
0 2 4 0 1 0 0 =16
0 2 4 0 1 0 1 =4
0 2 4 0 2 0 0 =1
0 2 4 1 0 0 0 =15
0 2 4 1 0 0 1 =2
0 2 4 1 0 1 0 =1
0 2 4 1 1 0 0 =1
0 2 5 0 0 0 0 =2
0 2 5 0 0 0 1 =1
0 2 5 0 1 0 0 =3
0 2 5 1 0 0 0 =1
0 3 0 0 0 0 0 =157252
0 3 0 0 0 0 1 =4312
0 3 0 0 0 0 2 =446
0 3 0 0 0 1 0 =18788
0 3 0 0 0 1 1 =61
0 3 0 0 0 1 2 =6
0 3 0 0 0 2 0 =119
0 3 0 0 0 3 0 =1
0 3 0 0 1 0 0 =4200
0 3 0 0 1 0 1 =8
0 3 0 0 1 1 0 =62
0 3 0 0 2 0 0 =357
0 3 0 0 2 1 0 =7
0 3 0 0 3 0 0 =1
0 3 0 1 0 0 0 =4315
0 3 0 1 0 0 1 =7
0 3 0 1 0 1 0 =63
0 3 0 1 1 0 0 =6
0 3 0 1 1 1 0 =1
0 3 0 2 0 0 0 =370
0 3 0 2 0 1 0 =13
0 3 1 0 0 0 0 =8871
0 3 1 0 0 0 1 =995
0 3 1 0 0 0 2 =31
0 3 1 0 0 1 0 =356
0 3 1 0 0 1 1 =18
0 3 1 0 0 2 0 =2
0 3 1 0 1 0 0 =898
0 3 1 0 1 0 1 =33
0 3 1 0 1 1 0 =19
0 3 1 0 2 0 0 =24
0 3 1 1 0 0 0 =924
0 3 1 1 0 0 1 =35
0 3 1 1 0 1 0 =21
0 3 1 1 0 1 1 =1
0 3 1 1 1 0 0 =34
0 3 1 1 1 2 0 =1
0 3 1 2 0 0 0 =20
0 3 2 0 0 0 0 =11048
0 3 2 0 0 0 1 =2152
0 3 2 0 0 0 2 =39
0 3 2 0 0 1 0 =172
0 3 2 0 0 1 1 =22
0 3 2 0 0 1 2 =1
0 3 2 0 1 0 0 =1994
0 3 2 0 1 0 1 =78
0 3 2 0 1 1 0 =31
0 3 2 0 1 1 1 =1
0 3 2 0 2 0 0 =42
0 3 2 1 0 0 0 =1907
0 3 2 1 0 0 1 =66
0 3 2 1 0 1 0 =21
0 3 2 1 1 0 0 =88
0 3 2 1 1 1 0 =2
0 3 2 2 0 0 0 =35
0 3 2 2 0 1 0 =2
0 3 2 3 0 0 0 =1
0 3 3 0 0 0 0 =749
0 3 3 0 0 0 1 =132
0 3 3 0 0 0 2 =2
0 3 3 0 0 1 0 =10
0 3 3 0 0 1 1 =1
0 3 3 0 1 0 0 =101
0 3 3 0 1 0 1 =1
0 3 3 0 1 1 0 =5
0 3 3 0 2 0 0 =3
0 3 3 1 0 0 0 =119
0 3 3 1 0 0 1 =5
0 3 3 1 1 0 0 =3
0 3 3 1 2 0 0 =1
0 3 3 2 0 0 0 =1
0 3 3 2 0 0 1 =1
0 3 4 0 0 0 0 =59
0 3 4 0 0 0 1 =14
0 3 4 0 0 1 0 =3
0 3 4 0 1 0 0 =7
0 3 4 0 1 0 1 =1
0 3 4 0 1 1 1 =1
0 3 4 1 0 0 0 =9
0 3 5 0 0 0 0 =6
0 3 5 0 0 0 1 =1
0 3 5 0 0 1 0 =1
0 3 5 1 0 0 0 =2
0 4 0 0 0 0 0 =87025
0 4 0 0 0 0 1 =1219
0 4 0 0 0 0 2 =119
0 4 0 0 0 1 0 =5285
0 4 0 0 0 1 1 =20
0 4 0 0 0 1 2 =3
0 4 0 0 0 2 0 =25
0 4 0 0 0 2 1 =1
0 4 0 0 1 0 0 =1187
0 4 0 0 1 0 1 =1
0 4 0 0 1 1 0 =22
0 4 0 0 2 0 0 =106
0 4 0 0 2 1 0 =2
0 4 0 1 0 0 0 =1149
0 4 0 1 0 0 1 =4
0 4 0 1 0 1 0 =24
0 4 0 1 1 0 0 =1
0 4 0 2 0 0 0 =103
0 4 0 2 0 1 0 =1
0 4 1 0 0 0 0 =6321
0 4 1 0 0 0 1 =441
0 4 1 0 0 0 2 =9
0 4 1 0 0 1 0 =131
0 4 1 0 0 1 1 =3
0 4 1 0 0 1 2 =1
0 4 1 0 1 0 0 =467
0 4 1 0 1 0 1 =23
0 4 1 0 1 1 0 =3
0 4 1 0 2 0 0 =9
0 4 1 1 0 0 0 =458
0 4 1 1 0 0 1 =16
0 4 1 1 0 1 0 =8
0 4 1 1 1 0 0 =13
0 4 1 2 0 0 0 =8
0 4 1 2 0 1 0 =1
0 4 2 0 0 0 0 =10906
0 4 2 0 0 0 1 =1045
0 4 2 0 0 0 2 =14
0 4 2 0 0 1 0 =150
0 4 2 0 0 1 1 =12
0 4 2 0 0 2 0 =1
0 4 2 0 0 2 1 =1
0 4 2 0 1 0 0 =1006
0 4 2 0 1 0 1 =26
0 4 2 0 1 1 0 =17
0 4 2 0 1 1 1 =2
0 4 2 0 1 2 0 =1
0 4 2 0 2 0 0 =11
0 4 2 1 0 0 0 =982
0 4 2 1 0 0 1 =25
0 4 2 1 0 1 0 =15
0 4 2 1 1 0 0 =24
0 4 2 1 2 0 0 =1
0 4 2 2 0 0 0 =13
0 4 3 0 0 0 0 =684
0 4 3 0 0 0 1 =59
0 4 3 0 0 0 2 =2
0 4 3 0 0 1 0 =8
0 4 3 0 0 1 1 =1
0 4 3 0 0 2 1 =1
0 4 3 0 1 0 0 =63
0 4 3 0 1 0 1 =3
0 4 3 0 1 1 0 =2
0 4 3 0 1 2 0 =1
0 4 3 0 2 0 0 =3
0 4 3 1 0 0 0 =80
0 4 3 1 0 0 1 =1
0 4 3 1 0 1 0 =1
0 4 3 1 1 0 0 =8
0 4 3 2 0 1 0 =1
0 4 4 0 0 0 0 =71
0 4 4 0 0 0 1 =9
0 4 4 0 0 1 0 =1
0 4 4 0 1 0 0 =6
0 4 4 1 0 0 0 =7
0 4 4 1 0 0 1 =1
0 4 5 0 0 0 0 =5
0 5 0 0 0 0 0 =31677
0 5 0 0 0 0 1 =271
0 5 0 0 0 0 2 =31
0 5 0 0 0 1 0 =1328
0 5 0 0 0 1 1 =8
0 5 0 0 0 1 2 =2
0 5 0 0 0 2 0 =7
0 5 0 0 1 0 0 =261
0 5 0 0 1 1 0 =5
0 5 0 0 2 0 0 =34
0 5 0 1 0 0 0 =291
0 5 0 1 0 1 0 =4
0 5 0 2 0 0 0 =37
0 5 1 0 0 0 0 =3624
0 5 1 0 0 0 1 =202
0 5 1 0 0 0 2 =3
0 5 1 0 0 1 0 =47
0 5 1 0 0 1 1 =2
0 5 1 0 1 0 0 =183
0 5 1 0 1 0 1 =4
0 5 1 0 1 1 0 =4
0 5 1 0 2 0 0 =4
0 5 1 1 0 0 0 =160
0 5 1 1 0 0 1 =3
0 5 1 1 1 0 0 =6
0 5 1 2 0 0 0 =4
0 5 2 0 0 0 0 =6864
0 5 2 0 0 0 1 =418
0 5 2 0 0 0 2 =5
0 5 2 0 0 1 0 =91
0 5 2 0 0 1 1 =10
0 5 2 0 1 0 0 =398
0 5 2 0 1 0 1 =7
0 5 2 0 1 1 0 =6
0 5 2 0 2 0 0 =5
0 5 2 0 2 1 0 =1
0 5 2 1 0 0 0 =368
0 5 2 1 0 0 1 =9
0 5 2 1 0 1 0 =10
0 5 2 1 0 1 1 =1
0 5 2 1 1 0 0 =6
0 5 2 2 0 0 0 =6
0 5 3 0 0 0 0 =445
0 5 3 0 0 0 1 =27
0 5 3 0 0 1 0 =6
0 5 3 0 1 0 0 =24
0 5 3 1 0 0 0 =22
0 5 4 0 0 0 0 =34
0 5 4 0 0 0 1 =2
0 5 4 0 0 1 0 =1
0 5 4 0 1 0 0 =3
0 5 4 0 1 0 1 =1
0 5 4 1 0 0 0 =3
0 5 5 0 0 0 0 =2
0 5 5 1 0 0 0 =1
0 6 0 0 0 0 0 =8956
0 6 0 0 0 0 1 =61
0 6 0 0 0 0 2 =7
0 6 0 0 0 1 0 =266
0 6 0 0 0 1 1 =3
0 6 0 0 1 0 0 =50
0 6 0 0 2 0 0 =3
0 6 0 1 0 0 0 =53
0 6 0 1 0 0 1 =1
0 6 0 2 0 0 0 =6
0 6 1 0 0 0 0 =1660
0 6 1 0 0 0 1 =46
0 6 1 0 0 1 0 =23
0 6 1 0 0 2 0 =1
0 6 1 0 1 0 0 =86
0 6 1 0 1 0 1 =1
0 6 1 0 1 1 0 =2
0 6 1 0 2 0 0 =1
0 6 1 1 0 0 0 =60
0 6 1 1 0 0 1 =1
0 6 1 1 0 1 0 =1
0 6 1 1 1 0 0 =2
0 6 2 0 0 0 0 =3133
0 6 2 0 0 0 1 =134
0 6 2 0 0 1 0 =31
0 6 2 0 0 1 1 =1
0 6 2 0 0 2 1 =1
0 6 2 0 1 0 0 =145
0 6 2 0 1 0 1 =1
0 6 2 0 1 1 0 =3
0 6 2 0 2 0 0 =1
0 6 2 1 0 0 0 =122
0 6 2 1 0 0 1 =3
0 6 2 1 0 1 0 =3
0 6 2 1 1 0 0 =1
0 6 2 2 0 0 0 =1
0 6 3 0 0 0 0 =184
0 6 3 0 0 0 1 =7
0 6 3 0 0 1 0 =2
0 6 3 0 1 0 0 =9
0 6 3 1 0 0 0 =8
0 6 4 0 0 0 0 =22
0 6 4 0 1 0 0 =1
0 6 4 1 0 0 0 =2
0 6 5 0 0 0 0 =2
0 7 0 0 0 0 0 =2098
0 7 0 0 0 0 1 =10
0 7 0 0 0 0 2 =2
0 7 0 0 0 1 0 =77
0 7 0 0 1 0 0 =17
0 7 0 0 2 0 0 =1
0 7 0 0 2 1 0 =1
0 7 0 1 0 0 0 =8
0 7 0 1 0 0 1 =1
0 7 0 1 0 1 0 =1
0 7 0 2 0 0 0 =1
0 7 1 0 0 0 0 =612
0 7 1 0 0 0 1 =16
0 7 1 0 0 1 0 =7
0 7 1 0 0 1 1 =1
0 7 1 0 1 0 0 =23
0 7 1 1 0 0 0 =21
0 7 2 0 0 0 0 =1216
0 7 2 0 0 0 1 =36
0 7 2 0 0 1 0 =8
0 7 2 0 0 1 1 =2
0 7 2 0 0 2 0 =1
0 7 2 0 1 0 0 =23
0 7 2 0 1 1 0 =1
0 7 2 0 2 0 0 =1
0 7 2 1 0 0 0 =49
0 7 2 1 0 0 1 =1
0 7 2 1 0 2 0 =1
0 7 3 0 0 0 0 =68
0 7 3 0 0 0 1 =1
0 7 3 0 1 0 0 =2
0 7 3 1 0 0 0 =4
0 7 4 0 0 0 0 =6
0 7 4 1 0 0 0 =1
0 8 0 0 0 0 0 =471
0 8 0 0 0 0 1 =1
0 8 0 0 0 1 0 =12
0 8 0 0 1 0 0 =3
0 8 1 0 0 0 0 =194
0 8 1 0 0 0 1 =3
0 8 1 0 0 1 0 =3
0 8 1 0 1 0 0 =4
0 8 1 1 0 0 0 =3
0 8 1 1 0 1 1 =1
0 8 2 0 0 0 0 =408
0 8 2 0 0 0 1 =14
0 8 2 0 0 1 0 =3
0 8 2 0 1 0 0 =14
0 8 2 1 0 0 0 =10
0 8 2 1 0 0 1 =1
0 8 3 0 0 0 0 =23
0 8 3 0 0 0 1 =1
0 8 4 0 0 0 0 =5
0 9 0 0 0 0 0 =89
0 9 0 0 0 1 0 =3
0 9 1 0 0 0 0 =58
0 9 1 0 1 0 0 =1
0 9 1 1 0 0 0 =1
0 9 2 0 0 0 0 =97
0 9 2 0 0 0 1 =2
0 9 2 0 0 1 0 =1
0 9 2 0 1 0 0 =2
0 9 2 1 0 0 0 =1
0 9 3 0 0 0 0 =9
1 0 0 0 0 0 0 =114
1 0 0 0 0 0 1 =36
1 0 0 0 0 0 2 =1
1 0 0 0 0 1 0 =48
1 0 0 0 0 1 1 =1
1 0 0 0 1 0 0 =44
1 0 0 0 1 0 1 =1
1 0 0 0 1 1 0 =2
1 0 0 0 2 0 0 =1
1 0 0 1 0 0 0 =49
1 0 0 1 0 1 0 =1
1 0 0 1 1 0 0 =1
1 0 0 2 0 0 0 =3
1 0 1 0 0 0 0 =49
1 0 1 0 0 0 1 =3
1 0 1 0 0 1 0 =1
1 0 1 0 1 0 0 =6
1 0 1 1 0 0 0 =3
1 0 1 1 0 0 1 =2
1 0 2 0 0 0 0 =41
1 0 2 0 0 0 1 =11
1 0 2 0 0 0 2 =1
1 0 2 0 0 1 0 =1
1 0 2 0 1 0 0 =7
1 0 2 0 1 0 1 =4
1 0 2 0 2 0 0 =1
1 0 2 1 0 0 0 =5
1 0 2 1 0 0 1 =4
1 0 2 1 1 0 0 =4
1 0 2 1 1 1 0 =1
1 0 2 2 0 0 0 =1
1 0 3 0 0 0 0 =3
1 0 3 0 1 0 1 =1
1 0 3 1 0 0 0 =1
1 0 5 0 1 0 0 =1
1 1 0 0 0 0 0 =2370
1 1 0 0 0 0 1 =326
1 1 0 0 0 1 0 =64
1 1 0 0 0 1 1 =5
1 1 0 0 0 2 0 =2
1 1 0 0 1 0 0 =277
1 1 0 0 1 0 1 =1
1 1 0 0 1 1 0 =8
1 1 0 0 2 0 0 =2
1 1 0 1 0 0 0 =303
1 1 0 1 0 1 0 =10
1 1 0 2 0 0 0 =1
1 1 1 0 0 0 0 =104
1 1 1 0 0 0 1 =16
1 1 1 0 0 0 2 =2
1 1 1 0 0 1 0 =2
1 1 1 0 1 0 0 =32
1 1 1 0 1 0 1 =3
1 1 1 0 1 1 0 =1
1 1 1 0 2 0 0 =3
1 1 1 1 0 0 0 =17
1 1 1 1 0 0 1 =5
1 1 1 1 0 1 0 =1
1 1 1 1 1 0 0 =3
1 1 1 1 2 0 0 =1
1 1 1 2 0 0 0 =2
1 1 2 0 0 0 0 =61
1 1 2 0 0 0 1 =25
1 1 2 0 0 0 2 =4
1 1 2 0 0 1 0 =1
1 1 2 0 0 1 1 =1
1 1 2 0 1 0 0 =32
1 1 2 0 1 0 1 =8
1 1 2 0 2 0 0 =5
1 1 2 1 0 0 0 =38
1 1 2 1 0 0 1 =3
1 1 2 1 1 0 0 =2
1 1 2 2 0 0 0 =2
1 1 3 0 0 0 0 =3
1 1 3 0 0 0 1 =2
1 1 3 0 0 1 0 =1
1 1 3 0 1 0 0 =6
1 1 3 0 2 0 0 =1
1 1 3 1 0 0 1 =1
1 1 4 0 0 0 0 =1
1 10 0 1 0 1 0 =1
1 10 1 0 0 0 1 =1
1 11 1 0 0 0 0 =1
1 2 0 0 0 0 0 =2468
1 2 0 0 0 0 1 =348
1 2 0 0 0 1 0 =41
1 2 0 0 0 1 1 =3
1 2 0 0 0 2 0 =1
1 2 0 0 1 0 0 =315
1 2 0 0 1 1 0 =6
1 2 0 0 2 0 0 =2
1 2 0 1 0 0 0 =301
1 2 0 1 0 1 0 =3
1 2 0 1 1 0 0 =1
1 2 0 2 0 0 0 =1
1 2 1 0 0 0 0 =139
1 2 1 0 0 0 1 =37
1 2 1 0 0 0 2 =3
1 2 1 0 0 1 0 =4
1 2 1 0 1 0 0 =38
1 2 1 0 1 0 1 =2
1 2 1 0 1 1 0 =1
1 2 1 0 2 0 0 =1
1 2 1 1 0 0 0 =40
1 2 1 1 0 0 1 =4
1 2 1 1 1 0 0 =3
1 2 1 1 1 1 0 =1
1 2 2 0 0 0 0 =99
1 2 2 0 0 0 1 =59
1 2 2 0 0 0 2 =3
1 2 2 0 0 1 0 =2
1 2 2 0 0 1 1 =1
1 2 2 0 1 0 0 =59
1 2 2 0 1 0 1 =7
1 2 2 0 1 1 0 =2
1 2 2 0 2 0 0 =3
1 2 2 1 0 0 0 =44
1 2 2 1 0 0 1 =7
1 2 2 1 0 1 0 =2
1 2 2 1 1 0 0 =7
1 2 2 1 1 1 0 =1
1 2 2 2 0 0 0 =3
1 2 3 0 0 0 0 =6
1 2 3 0 0 0 1 =5
1 2 3 0 1 0 0 =4
1 2 3 1 0 0 0 =7
1 2 3 1 0 0 1 =2
1 2 4 0 0 0 1 =3
1 3 0 0 0 0 0 =1343
1 3 0 0 0 0 1 =216
1 3 0 0 0 0 2 =1
1 3 0 0 0 1 0 =18
1 3 0 0 0 1 1 =3
1 3 0 0 1 0 0 =202
1 3 0 0 1 1 0 =3
1 3 0 1 0 0 0 =178
1 3 0 1 0 1 0 =1
1 3 0 2 1 0 0 =1
1 3 1 0 0 0 0 =88
1 3 1 0 0 0 1 =34
1 3 1 0 0 0 2 =2
1 3 1 0 0 1 1 =1
1 3 1 0 1 0 0 =35
1 3 1 0 1 0 1 =3
1 3 1 0 2 0 0 =1
1 3 1 1 0 0 0 =29
1 3 1 1 0 0 1 =1
1 3 1 1 0 1 0 =1
1 3 1 1 1 0 0 =3
1 3 2 0 0 0 0 =74
1 3 2 0 0 0 1 =42
1 3 2 0 0 0 2 =1
1 3 2 0 0 1 0 =4
1 3 2 0 1 0 0 =54
1 3 2 0 1 0 1 =4
1 3 2 0 1 1 0 =1
1 3 2 1 0 0 0 =39
1 3 2 1 0 0 1 =6
1 3 2 1 0 1 0 =1
1 3 2 1 1 0 0 =2
1 3 2 2 0 0 0 =1
1 3 3 0 0 0 0 =3
1 3 3 0 1 0 0 =4
1 3 3 0 1 1 1 =1
1 3 3 1 0 0 0 =3
1 3 3 1 1 0 0 =1
1 3 5 0 1 0 0 =1
1 4 0 0 0 0 0 =530
1 4 0 0 0 0 1 =87
1 4 0 0 0 1 0 =4
1 4 0 0 1 0 0 =61
1 4 0 0 2 0 0 =1
1 4 0 1 0 0 0 =72
1 4 0 1 0 1 0 =2
1 4 0 1 1 0 0 =1
1 4 1 0 0 0 0 =51
1 4 1 0 0 0 1 =29
1 4 1 0 0 0 2 =2
1 4 1 0 1 0 0 =17
1 4 1 0 2 0 0 =1
1 4 1 1 0 0 0 =17
1 4 1 1 0 0 1 =1
1 4 1 1 0 1 0 =1
1 4 1 1 2 1 0 =1
1 4 2 0 0 0 0 =66
1 4 2 0 0 0 1 =31
1 4 2 0 0 0 2 =1
1 4 2 0 1 0 0 =42
1 4 2 0 1 0 1 =1
1 4 2 0 1 1 0 =1
1 4 2 1 0 0 0 =32
1 4 2 1 0 0 1 =1
1 4 2 1 1 0 0 =1
1 4 3 0 1 0 0 =1
1 4 4 0 0 0 0 =2
1 4 4 0 0 0 1 =1
1 5 0 0 0 0 0 =159
1 5 0 0 0 0 1 =26
1 5 0 0 0 1 0 =5
1 5 0 0 1 0 0 =28
1 5 0 1 0 0 0 =30
1 5 0 1 0 1 0 =1
1 5 0 1 1 0 0 =1
1 5 1 0 0 0 0 =19
1 5 1 0 0 0 1 =8
1 5 1 0 0 1 0 =1
1 5 1 0 1 0 0 =6
1 5 1 0 1 0 1 =1
1 5 1 1 0 0 0 =12
1 5 1 1 1 0 0 =1
1 5 2 0 0 0 0 =32
1 5 2 0 0 0 1 =13
1 5 2 0 0 0 2 =1
1 5 2 0 0 1 0 =1
1 5 2 0 0 2 0 =1
1 5 2 0 1 0 0 =15
1 5 2 1 0 0 0 =8
1 5 2 1 0 1 0 =1
1 5 2 2 1 0 0 =1
1 5 3 0 0 0 0 =3
1 5 3 0 0 0 1 =1
1 5 3 0 1 0 0 =1
1 5 3 1 0 0 0 =1
1 5 3 1 1 0 0 =1
1 5 4 0 0 0 0 =1
1 6 0 0 0 0 0 =50
1 6 0 0 0 0 1 =7
1 6 0 0 0 1 0 =1
1 6 0 0 1 0 0 =4
1 6 0 1 0 0 0 =10
1 6 1 0 0 0 0 =8
1 6 1 0 0 0 1 =3
1 6 1 0 0 0 2 =1
1 6 1 0 1 0 0 =5
1 6 1 1 0 0 0 =6
1 6 1 1 0 1 0 =1
1 6 2 0 0 0 0 =18
1 6 2 0 0 0 1 =3
1 6 2 0 0 1 0 =1
1 6 2 0 1 0 0 =11
1 6 2 0 1 1 0 =2
1 6 2 1 0 0 0 =8
1 6 3 0 0 0 0 =1
1 6 3 1 0 0 1 =1
1 7 0 0 0 0 0 =14
1 7 0 0 0 0 1 =3
1 7 0 0 1 0 0 =3
1 7 0 1 0 0 0 =4
1 7 1 0 0 0 0 =1
1 7 1 0 1 0 0 =1
1 7 1 1 0 0 0 =1
1 7 1 1 1 0 0 =1
1 7 2 0 0 0 0 =5
1 7 2 0 0 0 1 =4
1 7 2 0 1 0 0 =4
1 7 2 0 1 0 1 =1
1 7 2 1 0 0 0 =1
1 8 0 0 0 0 0 =4
1 8 0 0 0 0 1 =1
1 8 0 0 1 0 0 =1
1 8 1 0 0 0 0 =2
1 8 1 0 0 0 1 =1
1 8 2 1 0 0 0 =2
1 8 3 0 1 0 0 =1
1 9 0 1 0 0 0 =1
1 9 2 0 1 0 0 =1
