0 0 0 0 0 0 0 =16174
0 0 0 0 0 0 1 =3204
0 0 0 0 0 0 2 =176
0 0 0 0 0 0 3 =1
0 0 0 0 0 1 0 =13329
0 0 0 0 0 1 1 =51
0 0 0 0 0 1 2 =13
0 0 0 0 0 2 0 =216
0 0 0 0 1 0 0 =3490
0 0 0 0 1 0 1 =33
0 0 0 0 1 0 2 =3
0 0 0 0 1 1 0 =76
0 0 0 0 1 1 1 =1
0 0 0 0 2 0 0 =537
0 0 0 0 2 1 0 =19
0 0 0 0 3 0 0 =2
0 0 0 1 0 0 0 =3287
0 0 0 1 0 0 1 =27
0 0 0 1 0 1 0 =66
0 0 0 1 0 1 1 =1
0 0 0 1 1 0 0 =34
0 0 0 1 1 1 0 =1
0 0 0 1 2 0 0 =1
0 0 0 2 0 0 0 =447
0 0 0 2 0 0 1 =2
0 0 0 2 0 0 2 =1
0 0 0 2 0 1 0 =15
0 0 0 2 0 2 0 =1
0 0 0 2 1 0 0 =2
0 0 0 3 0 0 0 =1
0 0 1 0 0 0 0 =2562
0 0 1 0 0 0 1 =406
0 0 1 0 0 0 2 =168
0 0 1 0 0 1 0 =1912
0 0 1 0 0 1 1 =8
0 0 1 0 0 1 2 =2
0 0 1 0 0 2 0 =9
0 0 1 0 1 0 0 =403
0 0 1 0 1 0 1 =141
0 0 1 0 1 0 2 =3
0 0 1 0 1 1 0 =9
0 0 1 0 1 1 1 =1
0 0 1 0 2 0 0 =161
0 0 1 0 2 0 1 =1
0 0 1 0 2 1 0 =4
0 0 1 0 3 0 0 =2
0 0 1 1 0 0 0 =382
0 0 1 1 0 0 1 =134
0 0 1 1 0 1 0 =20
0 0 1 1 0 1 1 =1
0 0 1 1 1 0 0 =122
0 0 1 1 1 0 1 =4
0 0 1 1 1 1 0 =1
0 0 1 1 2 0 0 =4
0 0 1 2 0 0 0 =157
0 0 1 2 0 0 1 =3
0 0 1 2 0 1 0 =3
0 0 1 2 1 0 0 =3
0 0 1 3 0 0 0 =2
0 0 2 0 0 0 0 =1678
0 0 2 0 0 0 1 =428
0 0 2 0 0 0 2 =208
0 0 2 0 0 0 3 =1
0 0 2 0 0 1 0 =520
0 0 2 0 0 1 1 =12
0 0 2 0 0 1 2 =5
0 0 2 0 0 2 0 =3
0 0 2 0 0 2 1 =1
0 0 2 0 1 0 0 =399
0 0 2 0 1 0 1 =355
0 0 2 0 1 1 0 =8
0 0 2 0 1 1 1 =4
0 0 2 0 2 0 0 =190
0 0 2 0 2 1 0 =4
0 0 2 0 3 0 0 =1
0 0 2 1 0 0 0 =381
0 0 2 1 0 0 1 =364
0 0 2 1 0 0 2 =1
0 0 2 1 0 1 0 =18
0 0 2 1 0 1 1 =4
0 0 2 1 1 0 0 =323
0 0 2 1 1 0 1 =1
0 0 2 1 1 1 0 =4
0 0 2 1 2 0 0 =2
0 0 2 2 0 0 0 =184
0 0 2 2 0 0 1 =4
0 0 2 2 0 1 0 =2
0 0 2 2 1 0 0 =3
0 0 2 2 2 0 0 =1
0 0 3 0 0 0 0 =503
0 0 3 0 0 0 1 =32
0 0 3 0 0 0 2 =11
0 0 3 0 0 1 0 =17
0 0 3 0 0 1 1 =1
0 0 3 0 0 1 2 =2
0 0 3 0 1 0 0 =32
0 0 3 0 1 0 1 =22
0 0 3 0 1 1 0 =4
0 0 3 0 1 1 1 =1
0 0 3 0 2 0 0 =13
0 0 3 1 0 0 0 =26
0 0 3 1 0 0 1 =26
0 0 3 1 0 1 0 =1
0 0 3 1 0 1 1 =1
0 0 3 1 1 0 0 =13
0 0 3 2 0 0 0 =10
0 0 4 0 0 0 0 =90
0 0 4 0 0 0 2 =2
0 0 4 0 0 1 0 =1
0 0 4 0 1 0 1 =3
0 0 4 1 0 0 0 =2
0 0 4 1 0 0 1 =2
0 0 4 1 1 0 0 =3
0 0 5 0 0 0 0 =9
0 1 0 0 0 0 0 =79835
0 1 0 0 0 0 1 =19048
0 1 0 0 0 0 2 =2011
0 1 0 0 0 0 3 =1
0 1 0 0 0 0 4 =1
0 1 0 0 0 1 0 =85647
0 1 0 0 0 1 1 =282
0 1 0 0 0 1 2 =45
0 1 0 0 0 2 0 =528
0 1 0 0 0 2 1 =4
0 1 0 0 0 3 0 =1
0 1 0 0 1 0 0 =18689
0 1 0 0 1 0 1 =26
0 1 0 0 1 1 0 =279
0 1 0 0 1 2 0 =3
0 1 0 0 2 0 0 =1873
0 1 0 0 2 0 1 =1
0 1 0 0 2 1 0 =39
0 1 0 0 2 3 0 =1
0 1 0 0 3 0 0 =2
0 1 0 1 0 0 0 =18255
0 1 0 1 0 0 1 =26
0 1 0 1 0 0 2 =1
0 1 0 1 0 1 0 =289
0 1 0 1 0 2 0 =3
0 1 0 1 1 0 0 =28
0 1 0 1 1 0 1 =1
0 1 0 1 1 1 0 =1
0 1 0 1 2 0 0 =1
0 1 0 2 0 0 0 =1651
0 1 0 2 0 1 0 =38
0 1 0 2 0 2 0 =1
0 1 1 0 0 0 0 =8716
0 1 1 0 0 0 1 =1001
0 1 1 0 0 0 2 =135
0 1 1 0 0 1 0 =1754
0 1 1 0 0 1 1 =19
0 1 1 0 0 1 2 =1
0 1 1 0 0 2 0 =8
0 1 1 0 1 0 0 =993
0 1 1 0 1 0 1 =125
0 1 1 0 1 0 2 =2
0 1 1 0 1 1 0 =24
0 1 1 0 1 1 1 =3
0 1 1 0 2 0 0 =142
0 1 1 0 2 0 1 =2
0 1 1 0 2 1 0 =2
0 1 1 1 0 0 0 =987
0 1 1 1 0 0 1 =132
0 1 1 1 0 0 2 =2
0 1 1 1 0 1 0 =20
0 1 1 1 0 1 1 =1
0 1 1 1 1 0 0 =137
0 1 1 1 1 0 1 =2
0 1 1 1 1 1 0 =2
0 1 1 1 2 0 0 =3
0 1 1 1 2 1 0 =1
0 1 1 2 0 0 0 =109
0 1 1 2 0 0 1 =3
0 1 1 2 0 1 0 =2
0 1 2 0 0 0 0 =7803
0 1 2 0 0 0 1 =1486
0 1 2 0 0 0 2 =168
0 1 2 0 0 1 0 =433
0 1 2 0 0 1 1 =17
0 1 2 0 0 1 2 =6
0 1 2 0 0 2 0 =3
0 1 2 0 0 2 1 =1
0 1 2 0 1 0 0 =1487
0 1 2 0 1 0 1 =294
0 1 2 0 1 1 0 =30
0 1 2 0 1 1 1 =5
0 1 2 0 1 2 0 =1
0 1 2 0 2 0 0 =203
0 1 2 0 2 0 1 =1
0 1 2 0 2 1 0 =1
0 1 2 1 0 0 0 =1502
0 1 2 1 0 0 1 =350
0 1 2 1 0 0 2 =2
0 1 2 1 0 1 0 =29
0 1 2 1 0 1 1 =3
0 1 2 1 0 2 0 =1
0 1 2 1 1 0 0 =291
0 1 2 1 1 0 1 =4
0 1 2 1 1 1 0 =5
0 1 2 1 2 0 0 =1
0 1 2 2 0 0 0 =149
0 1 2 2 0 0 1 =1
0 1 2 2 0 1 0 =2
0 1 2 2 1 0 0 =2
0 1 2 3 0 0 1 =1
0 1 3 0 0 0 0 =580
0 1 3 0 0 0 1 =97
0 1 3 0 0 0 2 =8
0 1 3 0 0 1 0 =20
0 1 3 0 0 1 1 =1
0 1 3 0 1 0 0 =109
0 1 3 0 1 0 1 =20
0 1 3 0 1 1 0 =1
0 1 3 0 2 0 0 =10
0 1 3 0 2 0 1 =1
0 1 3 1 0 0 0 =84
0 1 3 1 0 0 1 =19
0 1 3 1 0 1 0 =2
0 1 3 1 0 1 1 =1
0 1 3 1 1 0 0 =18
0 1 3 1 1 1 0 =1
0 1 3 2 0 0 0 =12
0 1 4 0 0 0 0 =88
0 1 4 0 0 0 1 =7
0 1 4 0 0 0 2 =3
0 1 4 0 0 1 0 =2
0 1 4 0 1 0 0 =7
0 1 4 0 1 0 1 =1
0 1 4 0 1 1 1 =1
0 1 4 0 2 0 0 =1
0 1 4 1 0 0 0 =7
0 1 4 1 0 0 1 =1
0 1 4 1 1 0 0 =2
0 1 4 2 0 0 0 =1
0 1 5 0 0 0 0 =2
0 1 5 0 1 0 0 =2
0 1 5 1 0 0 0 =2
0 10 0 0 0 0 0 =20
0 10 1 0 0 0 0 =16
0 10 1 0 1 0 0 =1
0 10 2 0 0 0 0 =38
0 10 2 0 0 0 1 =1
0 10 3 0 0 0 0 =2
0 11 0 0 0 0 0 =5
0 11 1 0 0 0 0 =8
0 11 2 0 0 0 0 =11
0 12 0 0 0 0 0 =1
0 12 2 0 0 0 0 =5
0 12 2 0 0 1 0 =1
0 14 0 0 0 0 0 =1
0 14 4 0 0 0 0 =1
0 2 0 0 0 0 0 =131043
0 2 0 0 0 0 1 =11892
0 2 0 0 0 0 2 =1155
0 2 0 0 0 1 0 =52572
0 2 0 0 0 1 1 =176
0 2 0 0 0 1 2 =22
0 2 0 0 0 2 0 =326
0 2 0 0 0 2 1 =2
0 2 0 0 0 2 2 =1
0 2 0 0 0 3 0 =2
0 2 0 0 1 0 0 =11982
0 2 0 0 1 0 1 =15
0 2 0 0 1 1 0 =161
0 2 0 0 1 2 0 =1
0 2 0 0 2 0 0 =1131
0 2 0 0 2 1 0 =28
0 2 0 1 0 0 0 =11499
0 2 0 1 0 0 1 =11
0 2 0 1 0 1 0 =165
0 2 0 1 0 2 0 =1
0 2 0 1 1 0 0 =11
0 2 0 2 0 0 0 =1045
0 2 0 2 0 1 0 =16
0 2 0 3 0 0 0 =1
0 2 1 0 0 0 0 =10338
0 2 1 0 0 0 1 =1292
0 2 1 0 0 0 2 =79
0 2 1 0 0 1 0 =852
0 2 1 0 0 1 1 =18
0 2 1 0 0 1 2 =1
0 2 1 0 0 2 0 =2
0 2 1 0 0 2 1 =1
0 2 1 0 1 0 0 =1319
0 2 1 0 1 0 1 =80
0 2 1 0 1 1 0 =25
0 2 1 0 1 1 1 =2
0 2 1 0 2 0 0 =70
0 2 1 0 2 0 1 =1
0 2 1 1 0 0 0 =1254
0 2 1 1 0 0 1 =90
0 2 1 1 0 1 0 =25
0 2 1 1 1 0 0 =69
0 2 1 1 1 0 1 =2
0 2 1 1 1 1 0 =2
0 2 1 1 2 0 0 =1
0 2 1 2 0 0 0 =56
0 2 1 2 0 1 0 =1
0 2 1 2 1 0 0 =1
0 2 2 0 0 0 0 =9731
0 2 2 0 0 0 1 =2817
0 2 2 0 0 0 2 =91
0 2 2 0 0 1 0 =242
0 2 2 0 0 1 1 =53
0 2 2 0 1 0 0 =2630
0 2 2 0 1 0 1 =184
0 2 2 0 1 1 0 =34
0 2 2 0 1 1 1 =5
0 2 2 0 2 0 0 =112
0 2 2 0 2 0 1 =2
0 2 2 0 2 1 0 =2
0 2 2 1 0 0 0 =2615
0 2 2 1 0 0 1 =181
0 2 2 1 0 0 2 =1
0 2 2 1 0 1 0 =39
0 2 2 1 0 1 1 =4
0 2 2 1 0 2 0 =1
0 2 2 1 1 0 0 =156
0 2 2 1 1 1 0 =5
0 2 2 1 2 0 0 =1
0 2 2 2 0 0 0 =71
0 2 2 2 0 0 1 =1
0 2 3 0 0 0 0 =569
0 2 3 0 0 0 1 =204
0 2 3 0 0 0 2 =4
0 2 3 0 0 1 0 =17
0 2 3 0 0 1 1 =1
0 2 3 0 1 0 0 =145
0 2 3 0 1 0 1 =10
0 2 3 0 1 1 0 =1
0 2 3 0 2 0 0 =7
0 2 3 1 0 0 0 =162
0 2 3 1 0 0 1 =9
0 2 3 1 0 1 0 =2
0 2 3 1 1 0 0 =13
0 2 3 2 0 0 0 =6
0 2 3 2 1 0 0 =1
0 2 4 0 0 0 0 =58
0 2 4 0 0 0 1 =11
0 2 4 0 1 0 0 =15
0 2 4 0 1 0 1 =2
0 2 4 1 0 0 0 =18
0 2 4 1 0 0 1 =1
0 2 4 1 1 0 0 =1
0 2 5 0 0 0 0 =7
0 2 5 0 1 0 0 =1
0 3 0 0 0 0 0 =156828
0 3 0 0 0 0 1 =4431
0 3 0 0 0 0 2 =435
0 3 0 0 0 1 0 =18795
0 3 0 0 0 1 1 =56
0 3 0 0 0 1 2 =5
0 3 0 0 0 2 0 =119
0 3 0 0 0 3 0 =1
0 3 0 0 1 0 0 =4273
0 3 0 0 1 0 1 =4
0 3 0 0 1 1 0 =79
0 3 0 0 2 0 0 =444
0 3 0 0 2 1 0 =16
0 3 0 1 0 0 0 =4215
0 3 0 1 0 0 1 =6
0 3 0 1 0 1 0 =75
0 3 0 1 1 0 0 =4
0 3 0 2 0 0 0 =358
0 3 0 2 0 1 0 =8
0 3 1 0 0 0 0 =8990
0 3 1 0 0 0 1 =946
0 3 1 0 0 0 2 =18
0 3 1 0 0 1 0 =323
0 3 1 0 0 1 1 =20
0 3 1 0 0 2 0 =2
0 3 1 0 1 0 0 =932
0 3 1 0 1 0 1 =38
0 3 1 0 1 0 2 =1
0 3 1 0 1 1 0 =13
0 3 1 0 1 1 1 =2
0 3 1 0 2 0 0 =20
0 3 1 1 0 0 0 =901
0 3 1 1 0 0 1 =31
0 3 1 1 0 1 0 =12
0 3 1 1 0 1 1 =1
0 3 1 1 1 0 0 =34
0 3 1 1 1 1 0 =1
0 3 1 1 2 0 0 =1
0 3 1 2 0 0 0 =17
0 3 2 0 0 0 0 =10883
0 3 2 0 0 0 1 =1994
0 3 2 0 0 0 2 =31
0 3 2 0 0 1 0 =179
0 3 2 0 0 1 1 =34
0 3 2 0 0 1 2 =1
0 3 2 0 1 0 0 =2117
0 3 2 0 1 0 1 =75
0 3 2 0 1 1 0 =34
0 3 2 0 1 1 1 =1
0 3 2 0 2 0 0 =30
0 3 2 0 2 1 0 =2
0 3 2 1 0 0 0 =1983
0 3 2 1 0 0 1 =74
0 3 2 1 0 1 0 =37
0 3 2 1 1 0 0 =71
0 3 2 1 1 1 0 =2
0 3 2 2 0 0 0 =30
0 3 3 0 0 0 0 =759
0 3 3 0 0 0 1 =120
0 3 3 0 0 1 0 =16
0 3 3 0 1 0 0 =115
0 3 3 0 1 0 1 =2
0 3 3 0 2 0 0 =3
0 3 3 1 0 0 0 =130
0 3 3 1 0 0 1 =7
0 3 3 1 0 1 0 =1
0 3 3 1 1 0 0 =2
0 3 3 1 1 1 0 =1
0 3 3 2 0 0 0 =3
0 3 4 0 0 0 0 =67
0 3 4 0 0 0 1 =9
0 3 4 0 0 1 0 =1
0 3 4 0 0 1 1 =1
0 3 4 0 1 0 0 =12
0 3 4 0 1 0 1 =3
0 3 4 1 0 0 0 =10
0 3 4 1 1 0 0 =1
0 3 5 0 0 0 0 =7
0 3 5 0 0 0 1 =1
0 3 5 0 1 0 0 =2
0 4 0 0 0 0 0 =87562
0 4 0 0 0 0 1 =1224
0 4 0 0 0 0 2 =133
0 4 0 0 0 1 0 =5301
0 4 0 0 0 1 1 =14
0 4 0 0 0 1 2 =2
0 4 0 0 0 2 0 =39
0 4 0 0 0 2 1 =2
0 4 0 0 1 0 0 =1213
0 4 0 0 1 1 0 =24
0 4 0 0 2 0 0 =107
0 4 0 0 2 1 0 =1
0 4 0 1 0 0 0 =1145
0 4 0 1 0 0 1 =1
0 4 0 1 0 1 0 =17
0 4 0 1 1 0 0 =8
0 4 0 2 0 0 0 =117
0 4 0 2 0 1 0 =1
0 4 1 0 0 0 0 =6403
0 4 1 0 0 0 1 =461
0 4 1 0 0 0 2 =8
0 4 1 0 0 1 0 =129
0 4 1 0 0 1 1 =7
0 4 1 0 0 2 0 =2
0 4 1 0 1 0 0 =472
0 4 1 0 1 0 1 =7
0 4 1 0 1 1 0 =10
0 4 1 0 1 1 1 =1
0 4 1 0 2 0 0 =8
0 4 1 1 0 0 0 =455
0 4 1 1 0 0 1 =8
0 4 1 1 0 1 0 =1
0 4 1 1 1 0 0 =19
0 4 1 2 0 0 0 =5
0 4 2 0 0 0 0 =10992
0 4 2 0 0 0 1 =1034
0 4 2 0 0 0 2 =11
0 4 2 0 0 1 0 =149
0 4 2 0 0 1 1 =15
0 4 2 0 0 1 2 =1
0 4 2 0 1 0 0 =1044
0 4 2 0 1 0 1 =33
0 4 2 0 1 1 0 =8
0 4 2 0 2 0 0 =8
0 4 2 1 0 0 0 =1007
0 4 2 1 0 0 1 =24
0 4 2 1 0 1 0 =18
0 4 2 1 1 0 0 =27
0 4 2 1 1 1 1 =1
0 4 2 2 0 0 0 =17
0 4 3 0 0 0 0 =677
0 4 3 0 0 0 1 =66
0 4 3 0 0 1 0 =8
0 4 3 0 1 0 0 =51
0 4 3 0 1 0 1 =2
0 4 3 0 1 1 1 =1
0 4 3 0 2 0 0 =1
0 4 3 1 0 0 0 =48
0 4 3 1 1 0 0 =1
0 4 3 2 0 0 0 =1
0 4 4 0 0 0 0 =54
0 4 4 0 0 0 1 =5
0 4 4 0 1 0 0 =4
0 4 4 0 1 0 1 =1
0 4 4 1 0 0 0 =5
0 4 4 1 0 0 1 =2
0 4 5 0 0 0 0 =4
0 4 6 0 0 0 0 =1
0 5 0 0 0 0 0 =31615
0 5 0 0 0 0 1 =291
0 5 0 0 0 0 2 =30
0 5 0 0 0 1 0 =1338
0 5 0 0 0 1 1 =5
0 5 0 0 0 2 0 =9
0 5 0 0 0 2 1 =1
0 5 0 0 1 0 0 =301
0 5 0 0 1 1 0 =7
0 5 0 0 1 2 0 =1
0 5 0 0 2 0 0 =25
0 5 0 1 0 0 0 =272
0 5 0 1 0 1 0 =4
0 5 0 2 0 0 0 =33
0 5 1 0 0 0 0 =3654
0 5 1 0 0 0 1 =162
0 5 1 0 0 0 2 =1
0 5 1 0 0 1 0 =53
0 5 1 0 0 1 1 =3
0 5 1 0 1 0 0 =213
0 5 1 0 1 0 1 =5
0 5 1 0 1 1 0 =4
0 5 1 1 0 0 0 =189
0 5 1 1 0 0 1 =6
0 5 1 1 0 1 0 =2
0 5 1 1 1 0 0 =3
0 5 1 2 0 0 0 =3
0 5 2 0 0 0 0 =6834
0 5 2 0 0 0 1 =372
0 5 2 0 0 1 0 =84
0 5 2 0 0 1 1 =6
0 5 2 0 0 2 1 =1
0 5 2 0 1 0 0 =402
0 5 2 0 1 0 1 =4
0 5 2 0 1 1 0 =6
0 5 2 0 2 0 0 =3
0 5 2 1 0 0 0 =389
0 5 2 1 0 0 1 =5
0 5 2 1 0 1 0 =5
0 5 2 1 1 0 0 =8
0 5 2 2 0 0 0 =4
0 5 3 0 0 0 0 =426
0 5 3 0 0 0 1 =27
0 5 3 0 0 0 2 =1
0 5 3 0 0 1 0 =3
0 5 3 0 1 0 0 =27
0 5 3 1 0 0 0 =23
0 5 3 1 0 0 1 =1
0 5 3 2 0 0 0 =1
0 5 4 0 0 0 0 =44
0 5 4 0 0 0 1 =4
0 5 4 0 1 0 0 =5
0 5 5 0 0 0 0 =2
0 5 5 1 0 0 0 =1
0 5 6 0 0 0 0 =1
0 6 0 0 0 0 0 =8817
0 6 0 0 0 0 1 =63
0 6 0 0 0 0 2 =7
0 6 0 0 0 1 0 =312
0 6 0 0 0 1 1 =3
0 6 0 0 0 2 0 =2
0 6 0 0 1 0 0 =65
0 6 0 0 2 0 0 =3
0 6 0 1 0 0 0 =68
0 6 0 1 0 1 0 =3
0 6 0 2 0 0 0 =6
0 6 1 0 0 0 0 =1551
0 6 1 0 0 0 1 =53
0 6 1 0 0 0 2 =1
0 6 1 0 0 1 0 =17
0 6 1 0 0 1 1 =1
0 6 1 0 0 2 0 =2
0 6 1 0 1 0 0 =65
0 6 1 0 1 1 0 =1
0 6 1 1 0 0 0 =48
0 6 1 1 0 0 1 =1
0 6 1 1 0 1 0 =3
0 6 2 0 0 0 0 =3222
0 6 2 0 0 0 1 =138
0 6 2 0 0 0 2 =1
0 6 2 0 0 1 0 =37
0 6 2 0 0 1 1 =2
0 6 2 0 1 0 0 =140
0 6 2 0 1 0 1 =3
0 6 2 1 0 0 0 =123
0 6 2 1 0 0 1 =2
0 6 2 1 0 1 0 =2
0 6 2 1 0 2 0 =1
0 6 2 1 1 0 0 =1
0 6 3 0 0 0 0 =186
0 6 3 0 0 0 1 =16
0 6 3 0 0 1 0 =2
0 6 3 0 1 0 0 =8
0 6 3 1 0 0 0 =8
0 6 4 0 0 0 0 =20
0 6 4 0 0 0 1 =1
0 6 4 0 1 0 0 =2
0 6 5 0 0 0 0 =1
0 7 0 0 0 0 0 =1999
0 7 0 0 0 0 1 =10
0 7 0 0 0 0 2 =2
0 7 0 0 0 1 0 =52
0 7 0 0 1 0 0 =8
0 7 0 0 1 1 0 =2
0 7 0 0 2 0 0 =1
0 7 0 1 0 0 0 =8
0 7 0 2 0 0 0 =1
0 7 1 0 0 0 0 =628
0 7 1 0 0 0 1 =13
0 7 1 0 0 1 0 =8
0 7 1 0 1 0 0 =22
0 7 1 0 1 1 0 =1
0 7 1 1 0 0 0 =14
0 7 1 1 0 0 1 =1
0 7 1 1 1 0 0 =1
0 7 2 0 0 0 0 =1224
0 7 2 0 0 0 1 =38
0 7 2 0 0 1 0 =10
0 7 2 0 0 1 1 =1
0 7 2 0 1 0 0 =32
0 7 2 1 0 0 0 =38
0 7 2 1 0 1 0 =2
0 7 2 1 1 0 0 =1
0 7 2 2 0 0 0 =1
0 7 3 0 0 0 0 =75
0 7 3 0 0 0 1 =3
0 7 3 0 1 0 0 =4
0 7 3 1 0 0 0 =1
0 7 4 0 0 0 0 =5
0 7 4 0 1 0 0 =1
0 7 5 0 0 0 0 =2
0 8 0 0 0 0 0 =451
0 8 0 0 0 0 1 =2
0 8 0 0 0 0 2 =1
0 8 0 0 0 1 0 =9
0 8 0 0 1 0 0 =4
0 8 0 0 2 0 0 =1
0 8 0 1 0 0 0 =3
0 8 1 0 0 0 0 =211
0 8 1 0 0 0 1 =7
0 8 1 0 1 0 0 =4
0 8 1 1 0 0 0 =3
0 8 1 1 1 0 0 =1
0 8 2 0 0 0 0 =373
0 8 2 0 0 0 1 =8
0 8 2 0 0 1 0 =5
0 8 2 0 1 0 0 =7
0 8 2 1 0 0 0 =16
0 8 3 0 0 0 0 =36
0 8 3 0 0 0 1 =1
0 8 3 1 0 0 0 =1
0 8 4 0 0 0 0 =1
0 8 4 0 0 0 1 =1
0 9 0 0 0 0 0 =107
0 9 0 0 0 0 1 =1
0 9 0 0 0 1 0 =5
0 9 0 1 0 0 0 =1
0 9 1 0 0 0 0 =54
0 9 1 0 0 0 1 =2
0 9 1 0 0 0 2 =1
0 9 1 0 1 0 1 =1
0 9 1 1 0 0 0 =1
0 9 2 0 0 0 0 =105
0 9 2 0 0 0 1 =1
0 9 2 0 0 1 0 =1
0 9 2 0 1 0 0 =3
0 9 2 0 1 0 1 =1
0 9 2 1 0 0 0 =3
0 9 3 0 0 0 0 =10
0 9 3 0 1 1 0 =1
1 0 0 0 0 0 0 =119
1 0 0 0 0 0 1 =45
1 0 0 0 0 0 2 =4
1 0 0 0 0 1 0 =53
1 0 0 0 1 0 0 =45
1 0 0 0 1 1 0 =1
1 0 0 0 2 0 0 =2
1 0 0 1 0 0 0 =51
1 0 0 1 0 0 1 =1
1 0 0 1 0 1 0 =2
1 0 0 2 0 0 0 =2
1 0 1 0 0 0 0 =54
1 0 1 0 0 0 1 =6
1 0 1 0 0 1 0 =3
1 0 1 0 1 0 0 =3
1 0 1 0 1 0 1 =1
1 0 1 1 0 0 0 =12
1 0 1 1 0 0 1 =3
1 0 1 2 0 0 0 =1
1 0 2 0 0 0 0 =26
1 0 2 0 0 0 1 =6
1 0 2 0 0 0 2 =4
1 0 2 0 1 0 0 =6
1 0 2 0 1 0 1 =2
1 0 2 1 0 0 0 =10
1 0 2 1 0 0 1 =4
1 0 2 1 1 0 0 =2
1 0 2 2 0 0 0 =5
1 0 3 0 0 0 0 =2
1 0 3 0 0 1 0 =1
1 0 3 0 1 0 1 =1
1 1 0 0 0 0 0 =2418
1 1 0 0 0 0 1 =339
1 1 0 0 0 0 2 =2
1 1 0 0 0 1 0 =73
1 1 0 0 0 1 1 =5
1 1 0 0 0 2 0 =1
1 1 0 0 1 0 0 =319
1 1 0 0 1 0 1 =3
1 1 0 0 1 1 0 =1
1 1 0 0 2 0 0 =2
1 1 0 1 0 0 0 =294
1 1 0 1 0 1 0 =4
1 1 0 1 1 0 0 =1
1 1 0 2 0 0 0 =1
1 1 1 0 0 0 0 =115
1 1 1 0 0 0 1 =27
1 1 1 0 0 0 2 =1
1 1 1 0 0 1 0 =2
1 1 1 0 1 0 0 =19
1 1 1 0 1 0 1 =2
1 1 1 0 2 0 0 =1
1 1 1 1 0 0 0 =21
1 1 1 1 0 0 1 =4
1 1 1 1 1 0 0 =2
1 1 1 2 0 0 0 =1
1 1 2 0 0 0 0 =67
1 1 2 0 0 0 1 =25
1 1 2 0 0 0 2 =2
1 1 2 0 0 1 0 =1
1 1 2 0 1 0 0 =17
1 1 2 0 1 0 1 =5
1 1 2 0 2 0 0 =2
1 1 2 0 2 1 0 =1
1 1 2 1 0 0 0 =19
1 1 2 1 0 0 1 =6
1 1 2 1 1 0 0 =6
1 1 2 2 0 0 0 =5
1 1 3 0 0 0 0 =1
1 1 3 0 0 0 1 =5
1 1 3 0 1 0 0 =4
1 1 3 1 0 0 0 =3
1 1 4 0 0 0 0 =1
1 1 4 1 0 0 0 =1
1 10 1 1 0 0 0 =1
1 10 2 0 0 0 0 =1
1 2 0 0 0 0 0 =2508
1 2 0 0 0 0 1 =315
1 2 0 0 0 0 2 =2
1 2 0 0 0 1 0 =59
1 2 0 0 0 1 1 =4
1 2 0 0 0 2 0 =1
1 2 0 0 1 0 0 =318
1 2 0 0 1 1 0 =9
1 2 0 0 2 0 0 =1
1 2 0 1 0 0 0 =296
1 2 0 1 0 1 0 =5
1 2 0 1 1 0 0 =1
1 2 0 2 0 0 0 =2
1 2 1 0 0 0 0 =110
1 2 1 0 0 0 1 =30
1 2 1 0 0 0 2 =2
1 2 1 0 0 1 0 =1
1 2 1 0 1 0 0 =32
1 2 1 0 1 0 1 =2
1 2 1 0 1 1 0 =3
1 2 1 0 2 0 0 =1
1 2 1 1 0 0 0 =24
1 2 1 1 0 0 1 =3
1 2 1 1 0 1 0 =1
1 2 1 1 0 1 1 =2
1 2 1 1 1 0 0 =3
1 2 2 0 0 0 0 =115
1 2 2 0 0 0 1 =48
1 2 2 0 0 0 2 =1
1 2 2 0 0 1 0 =2
1 2 2 0 0 1 1 =3
1 2 2 0 1 0 0 =47
1 2 2 0 1 0 1 =8
1 2 2 0 1 1 0 =1
1 2 2 0 2 0 0 =2
1 2 2 1 0 0 0 =43
1 2 2 1 0 0 1 =10
1 2 2 1 0 2 0 =1
1 2 2 1 1 0 0 =6
1 2 2 2 0 0 0 =1
1 2 3 0 0 0 0 =4
1 2 3 0 0 0 1 =4
1 2 3 0 0 0 2 =1
1 2 3 0 0 1 0 =1
1 2 3 0 0 1 1 =1
1 2 3 0 1 0 0 =4
1 2 3 0 1 0 1 =2
1 2 3 0 2 0 0 =1
1 2 3 1 0 0 0 =2
1 2 3 1 0 0 1 =2
1 2 4 0 0 0 0 =1
1 2 4 0 0 0 1 =1
1 2 4 1 0 0 0 =2
1 2 5 0 1 0 0 =1
1 3 0 0 0 0 0 =1427
1 3 0 0 0 0 1 =183
1 3 0 0 0 1 0 =22
1 3 0 0 0 1 1 =7
1 3 0 0 1 0 0 =192
1 3 0 0 1 1 0 =5
1 3 0 1 0 0 0 =175
1 3 0 1 0 1 0 =4
1 3 0 2 0 0 0 =1
1 3 1 0 0 0 0 =75
1 3 1 0 0 0 1 =33
1 3 1 0 0 0 2 =3
1 3 1 0 0 1 0 =1
1 3 1 0 1 0 0 =30
1 3 1 0 1 0 1 =3
1 3 1 1 0 0 0 =18
1 3 1 1 0 0 1 =2
1 3 1 1 1 0 0 =1
1 3 1 2 0 0 0 =1
1 3 2 0 0 0 0 =99
1 3 2 0 0 0 1 =48
1 3 2 0 0 0 2 =6
1 3 2 0 0 1 0 =1
1 3 2 0 1 0 0 =53
1 3 2 0 1 0 1 =1
1 3 2 0 1 1 0 =2
1 3 2 0 2 0 0 =1
1 3 2 1 0 0 0 =45
1 3 2 1 0 0 1 =3
1 3 2 1 0 1 0 =2
1 3 2 1 1 0 0 =3
1 3 2 1 1 1 0 =1
1 3 2 2 0 0 0 =3
1 3 3 0 0 0 0 =3
1 3 3 0 0 0 1 =5
1 3 3 0 1 0 0 =5
1 3 3 1 0 0 0 =2
1 3 3 1 0 0 1 =1
1 3 4 0 0 0 0 =1
1 3 4 0 1 0 0 =2
1 3 4 1 0 0 0 =1
1 4 0 0 0 0 0 =510
1 4 0 0 0 0 1 =65
1 4 0 0 0 1 0 =7
1 4 0 0 1 0 0 =62
1 4 0 0 1 1 0 =2
1 4 0 1 0 0 0 =69
1 4 0 1 0 1 0 =3
1 4 1 0 0 0 0 =49
1 4 1 0 0 0 1 =23
1 4 1 0 1 0 0 =29
1 4 1 0 1 1 0 =1
1 4 1 0 2 0 0 =1
1 4 1 1 0 0 0 =18
1 4 1 1 0 0 1 =2
1 4 1 1 1 0 0 =2
1 4 1 2 0 0 0 =1
1 4 2 0 0 0 0 =71
1 4 2 0 0 0 1 =26
1 4 2 0 0 1 0 =3
1 4 2 0 1 0 0 =36
1 4 2 0 1 0 1 =2
1 4 2 0 1 1 0 =1
1 4 2 0 2 0 0 =1
1 4 2 1 0 0 0 =32
1 4 2 1 0 0 1 =5
1 4 2 1 1 0 0 =3
1 4 2 1 1 1 0 =1
1 4 2 2 0 0 0 =1
1 4 3 0 0 0 0 =5
1 4 3 0 0 0 1 =1
1 4 3 0 0 1 0 =1
1 4 3 0 1 0 0 =3
1 4 3 1 0 0 0 =2
1 4 4 0 0 0 0 =2
1 4 4 0 0 0 1 =1
1 4 4 0 1 0 0 =1
1 4 4 1 0 0 0 =1
1 5 0 0 0 0 0 =157
1 5 0 0 0 0 1 =24
1 5 0 0 0 1 0 =2
1 5 0 0 1 0 0 =23
1 5 0 1 0 0 0 =20
1 5 0 1 0 1 0 =3
1 5 1 0 0 0 0 =27
1 5 1 0 0 0 1 =11
1 5 1 0 1 0 0 =6
1 5 1 0 1 0 1 =1
1 5 1 1 0 0 0 =14
1 5 1 2 0 0 0 =1
1 5 1 2 0 1 0 =1
1 5 2 0 0 0 0 =26
1 5 2 0 0 0 1 =21
1 5 2 0 0 0 2 =3
1 5 2 0 0 1 0 =1
1 5 2 0 1 0 0 =20
1 5 2 0 1 1 0 =1
1 5 2 1 0 0 0 =19
1 5 2 2 0 0 0 =1
1 5 3 0 0 0 0 =1
1 5 3 0 0 0 1 =1
1 5 4 0 0 0 0 =1
1 6 0 0 0 0 0 =39
1 6 0 0 0 0 1 =4
1 6 0 0 0 1 0 =1
1 6 0 0 1 0 0 =10
1 6 0 0 1 0 1 =1
1 6 0 1 0 0 0 =12
1 6 1 0 0 0 0 =9
1 6 1 0 0 0 1 =1
1 6 1 0 1 0 0 =6
1 6 1 1 0 0 0 =5
1 6 2 0 0 0 0 =17
1 6 2 0 0 0 1 =8
1 6 2 0 1 0 0 =4
1 6 2 1 0 0 0 =9
1 6 3 0 0 0 0 =1
1 6 3 0 1 0 0 =1
1 6 3 1 0 0 0 =1
1 7 0 0 0 0 0 =10
1 7 0 0 0 0 1 =2
1 7 0 0 1 1 0 =1
1 7 0 1 0 0 0 =2
1 7 1 0 0 0 0 =4
1 7 1 0 0 0 1 =3
1 7 1 0 1 0 0 =2
1 7 1 1 0 0 0 =1
1 7 2 0 0 0 0 =7
1 7 2 0 0 0 1 =5
1 7 2 0 1 0 0 =1
1 7 2 1 0 0 0 =6
1 7 2 1 0 0 1 =1
1 8 0 0 0 0 0 =2
1 8 0 0 0 0 1 =1
1 8 0 1 0 0 0 =1
1 8 1 0 0 0 0 =3
1 8 1 1 0 0 1 =1
1 8 2 0 0 0 0 =1
1 8 2 0 0 0 1 =2
1 8 2 0 1 0 0 =3
1 9 1 0 0 0 0 =1
1 9 1 0 0 0 1 =1
