0 0 0 0 0 0 0 =9798
0 0 0 0 0 0 1 =21
0 0 0 0 0 1 0 =97
0 0 0 0 0 1 1 =1
0 0 0 0 1 0 0 =11
0 0 0 0 2 0 0 =1
0 0 0 1 0 0 0 =12
0 0 1 0 0 0 0 =3706
0 0 1 0 0 0 1 =6
0 0 1 0 0 1 0 =20
0 0 1 0 1 0 0 =15
0 0 1 1 0 0 0 =12
0 0 2 0 0 0 0 =2981
0 0 2 0 0 0 1 =4
0 0 2 0 0 0 2 =1
0 0 2 0 0 1 0 =14
0 0 2 0 1 0 0 =12
0 0 2 0 1 0 1 =1
0 0 2 0 1 1 0 =1
0 0 2 0 2 0 0 =2
0 0 2 1 0 0 0 =12
0 0 2 1 0 0 1 =4
0 0 2 2 0 0 0 =1
0 0 3 0 0 0 0 =337
0 0 3 0 0 0 1 =2
0 0 3 0 0 1 0 =1
0 0 3 0 1 0 0 =2
0 0 3 0 1 0 1 =1
0 0 4 0 0 0 0 =32
0 0 4 0 0 0 1 =1
0 0 4 1 0 0 0 =1
0 0 5 0 0 0 0 =5
0 1 0 0 0 0 0 =106052
0 1 0 0 0 0 1 =61
0 1 0 0 0 0 2 =7
0 1 0 0 0 1 0 =626
0 1 0 0 0 2 0 =8
0 1 0 0 1 0 0 =46
0 1 0 0 1 1 0 =1
0 1 0 0 2 0 0 =1
0 1 0 1 0 0 0 =58
0 1 0 1 0 0 1 =1
0 1 0 1 0 1 0 =1
0 1 0 2 0 0 0 =2
0 1 1 0 0 0 0 =17010
0 1 1 0 0 0 1 =27
0 1 1 0 0 0 2 =1
0 1 1 0 0 1 0 =57
0 1 1 0 1 0 0 =55
0 1 1 1 0 0 0 =65
0 1 1 1 0 1 0 =1
0 1 1 1 1 0 0 =1
0 1 2 0 0 0 0 =6907
0 1 2 0 0 0 1 =11
0 1 2 0 0 1 0 =29
0 1 2 0 1 0 0 =30
0 1 2 0 1 0 1 =1
0 1 2 0 2 0 0 =1
0 1 2 1 0 0 0 =29
0 1 2 1 0 0 1 =2
0 1 2 1 1 0 0 =1
0 1 3 0 0 0 0 =548
0 1 3 0 0 1 0 =4
0 1 3 0 1 0 0 =2
0 1 3 1 0 0 0 =1
0 1 4 0 0 0 0 =43
0 1 5 0 0 0 0 =5
0 10 0 0 0 0 0 =66
0 10 1 0 0 0 0 =4
0 11 0 0 0 0 0 =11
0 11 0 0 0 1 0 =1
0 11 1 0 0 0 0 =1
0 12 0 0 0 0 0 =2
0 13 0 0 0 0 0 =2
0 14 0 0 0 0 0 =1
0 2 0 0 0 0 0 =313606
0 2 0 0 0 0 1 =67
0 2 0 0 0 0 2 =4
0 2 0 0 0 1 0 =1154
0 2 0 0 0 1 1 =3
0 2 0 0 0 2 0 =4
0 2 0 0 1 0 0 =45
0 2 0 0 1 1 0 =1
0 2 0 0 2 0 0 =2
0 2 0 1 0 0 0 =43
0 2 0 1 0 1 0 =1
0 2 1 0 0 0 0 =16367
0 2 1 0 0 0 1 =20
0 2 1 0 0 1 0 =54
0 2 1 0 1 0 0 =52
0 2 1 1 0 0 0 =64
0 2 2 0 0 0 0 =5692
0 2 2 0 0 0 1 =15
0 2 2 0 0 1 0 =21
0 2 2 0 0 2 0 =1
0 2 2 0 1 0 0 =25
0 2 2 1 0 0 0 =29
0 2 2 1 0 1 0 =1
0 2 3 0 0 0 0 =351
0 2 3 0 0 0 1 =1
0 2 3 0 0 1 0 =4
0 2 3 0 1 0 0 =1
0 2 3 1 0 0 0 =1
0 2 4 0 0 0 0 =31
0 2 5 0 0 0 0 =3
0 3 0 0 0 0 0 =268463
0 3 0 0 0 0 1 =35
0 3 0 0 0 0 2 =2
0 3 0 0 0 1 0 =887
0 3 0 0 0 2 0 =3
0 3 0 0 1 0 0 =18
0 3 0 0 1 0 1 =1
0 3 0 1 0 0 0 =26
0 3 0 2 0 0 0 =1
0 3 1 0 0 0 0 =9442
0 3 1 0 0 0 1 =15
0 3 1 0 0 1 0 =34
0 3 1 0 1 0 0 =24
0 3 1 1 0 0 0 =34
0 3 2 0 0 0 0 =2826
0 3 2 0 0 0 1 =10
0 3 2 0 0 1 0 =8
0 3 2 0 1 0 0 =16
0 3 2 1 0 0 0 =12
0 3 3 0 0 0 0 =127
0 3 3 0 0 1 0 =2
0 3 3 0 1 0 0 =1
0 3 3 1 0 0 0 =2
0 3 4 0 0 0 0 =8
0 3 5 0 0 0 0 =1
0 4 0 0 0 0 0 =139707
0 4 0 0 0 0 1 =22
0 4 0 0 0 1 0 =457
0 4 0 0 0 2 0 =2
0 4 0 0 1 0 0 =10
0 4 0 1 0 0 0 =9
0 4 1 0 0 0 0 =4174
0 4 1 0 0 0 1 =4
0 4 1 0 0 1 0 =7
0 4 1 0 1 0 0 =16
0 4 1 1 0 0 0 =7
0 4 2 0 0 0 0 =1067
0 4 2 0 0 0 1 =2
0 4 2 0 0 1 0 =8
0 4 2 0 1 0 0 =9
0 4 2 0 1 0 1 =1
0 4 2 1 0 0 0 =4
0 4 3 0 0 0 0 =61
0 4 4 0 0 0 0 =7
0 5 0 0 0 0 0 =54246
0 5 0 0 0 0 1 =7
0 5 0 0 0 1 0 =183
0 5 0 0 2 0 0 =1
0 5 0 0 2 1 0 =1
0 5 0 1 0 0 0 =1
0 5 1 0 0 0 0 =1488
0 5 1 0 0 0 1 =1
0 5 1 0 0 0 2 =1
0 5 1 0 0 1 0 =3
0 5 1 0 1 0 0 =6
0 5 1 1 0 0 0 =2
0 5 2 0 0 0 0 =339
0 5 2 0 1 0 0 =2
0 5 2 1 0 0 0 =3
0 5 3 0 0 0 0 =14
0 5 4 0 0 0 0 =2
0 6 0 0 0 0 0 =17341
0 6 0 0 0 1 0 =62
0 6 0 0 0 2 0 =1
0 6 0 0 1 0 0 =1
0 6 1 0 0 0 0 =447
0 6 1 0 0 1 0 =2
0 6 1 0 1 0 0 =2
0 6 2 0 0 0 0 =104
0 6 3 0 0 0 0 =5
0 7 0 0 0 0 0 =4860
0 7 0 0 0 1 0 =17
0 7 0 1 0 0 0 =1
0 7 1 0 0 0 0 =127
0 7 1 1 0 0 0 =1
0 7 2 0 0 0 0 =29
0 7 2 0 1 0 0 =1
0 7 2 1 0 0 0 =1
0 8 0 0 0 0 0 =1204
0 8 0 0 0 1 0 =6
0 8 1 0 0 0 0 =45
0 8 1 0 1 0 0 =1
0 8 2 0 0 0 0 =4
0 8 3 0 0 0 0 =2
0 9 0 0 0 0 0 =321
0 9 0 0 0 1 0 =1
0 9 1 0 0 0 0 =7
0 9 2 0 0 0 0 =4
1 0 0 0 0 0 0 =14
1 0 0 0 0 1 0 =1
1 0 1 0 0 0 0 =4
1 0 2 0 0 0 0 =3
1 1 0 0 0 0 0 =335
1 1 0 1 0 0 0 =1
1 1 1 0 0 0 0 =21
1 1 2 0 0 0 0 =8
1 1 2 0 1 0 0 =1
1 1 3 0 0 0 0 =1
1 2 0 0 0 0 0 =394
1 2 0 0 0 0 1 =1
1 2 0 0 0 1 0 =2
1 2 0 0 1 0 0 =1
1 2 0 1 0 0 0 =3
1 2 1 0 0 0 0 =12
1 2 2 0 0 0 0 =6
1 2 2 0 0 0 1 =1
1 3 0 0 0 0 0 =278
1 3 0 0 0 0 1 =1
1 3 0 0 0 1 0 =3
1 3 1 0 0 0 0 =13
1 3 1 0 0 0 1 =1
1 3 2 0 0 0 0 =3
1 4 0 0 0 0 0 =112
1 4 0 0 0 1 0 =3
1 4 1 0 0 0 0 =5
1 4 2 0 0 0 0 =3
1 5 0 0 0 0 0 =49
1 5 1 1 0 0 0 =1
1 6 0 0 0 0 0 =16
1 6 1 0 0 0 0 =1
1 7 0 0 0 0 0 =5
1 8 0 0 0 0 0 =3
