0 0 0 0 0 0 0 =9572
0 0 0 0 0 0 1 =10
0 0 0 0 0 1 0 =74
0 0 0 0 1 0 0 =10
0 0 0 0 1 1 0 =1
0 0 0 0 2 0 0 =2
0 0 0 1 0 0 0 =9
0 0 0 1 0 1 0 =1
0 0 0 2 0 0 0 =1
0 0 1 0 0 0 0 =3849
0 0 1 0 0 0 1 =6
0 0 1 0 0 1 0 =16
0 0 1 0 1 0 0 =13
0 0 1 1 0 0 0 =10
0 0 1 2 0 0 0 =1
0 0 2 0 0 0 0 =2963
0 0 2 0 0 0 1 =5
0 0 2 0 0 0 2 =1
0 0 2 0 0 1 0 =19
0 0 2 0 1 0 0 =15
0 0 2 0 2 0 1 =1
0 0 2 1 0 0 0 =10
0 0 2 1 1 0 0 =2
0 0 3 0 0 0 0 =318
0 0 3 0 0 0 1 =1
0 0 3 0 0 1 0 =3
0 0 3 0 1 0 0 =1
0 0 4 0 0 0 0 =40
0 0 5 0 0 0 0 =3
0 1 0 0 0 0 0 =106225
0 1 0 0 0 0 1 =74
0 1 0 0 0 0 2 =6
0 1 0 0 0 1 0 =637
0 1 0 0 0 1 1 =1
0 1 0 0 0 2 0 =5
0 1 0 0 1 0 0 =50
0 1 0 0 1 1 0 =1
0 1 0 0 2 0 0 =3
0 1 0 1 0 0 0 =66
0 1 0 2 0 0 0 =4
0 1 0 2 0 1 0 =1
0 1 1 0 0 0 0 =17078
0 1 1 0 0 0 1 =37
0 1 1 0 0 1 0 =58
0 1 1 0 1 0 0 =55
0 1 1 1 0 0 0 =45
0 1 1 1 0 0 1 =1
0 1 1 1 1 0 0 =1
0 1 2 0 0 0 0 =7064
0 1 2 0 0 0 1 =13
0 1 2 0 0 1 0 =28
0 1 2 0 1 0 0 =35
0 1 2 1 0 0 0 =30
0 1 2 1 0 0 1 =1
0 1 2 1 1 0 0 =2
0 1 3 0 0 0 0 =493
0 1 3 0 0 1 0 =3
0 1 3 0 1 0 0 =1
0 1 4 0 0 0 0 =66
0 1 5 0 0 0 0 =2
0 1 6 0 0 0 0 =1
0 10 0 0 0 0 0 =69
0 10 1 0 0 0 0 =2
0 11 0 0 0 0 0 =15
0 12 0 0 0 0 0 =5
0 13 0 0 0 0 0 =1
0 2 0 0 0 0 0 =313371
0 2 0 0 0 0 1 =56
0 2 0 0 0 0 2 =3
0 2 0 0 0 1 0 =1102
0 2 0 0 0 2 0 =3
0 2 0 0 1 0 0 =41
0 2 0 0 2 0 0 =3
0 2 0 1 0 0 0 =41
0 2 0 2 0 0 0 =3
0 2 1 0 0 0 0 =16247
0 2 1 0 0 0 1 =24
0 2 1 0 0 1 0 =65
0 2 1 0 1 0 0 =41
0 2 1 1 0 0 0 =43
0 2 1 1 1 0 0 =1
0 2 2 0 0 0 0 =5615
0 2 2 0 0 0 1 =15
0 2 2 0 0 1 0 =24
0 2 2 0 0 1 1 =1
0 2 2 0 1 0 0 =23
0 2 2 1 0 0 0 =33
0 2 3 0 0 0 0 =334
0 2 3 0 0 0 1 =3
0 2 3 0 0 0 2 =1
0 2 3 0 0 1 0 =3
0 2 3 0 1 0 0 =5
0 2 3 1 0 0 0 =3
0 2 4 0 0 0 0 =22
0 2 5 0 0 0 0 =3
0 3 0 0 0 0 0 =267953
0 3 0 0 0 0 1 =22
0 3 0 0 0 0 2 =1
0 3 0 0 0 1 0 =892
0 3 0 0 0 1 1 =1
0 3 0 0 1 0 0 =26
0 3 0 0 2 0 0 =1
0 3 0 1 0 0 0 =22
0 3 0 2 0 0 0 =1
0 3 1 0 0 0 0 =9429
0 3 1 0 0 0 1 =11
0 3 1 0 0 1 0 =38
0 3 1 0 1 0 0 =33
0 3 1 1 0 0 0 =29
0 3 2 0 0 0 0 =2876
0 3 2 0 0 0 1 =10
0 3 2 0 0 1 0 =11
0 3 2 0 1 0 0 =15
0 3 2 1 0 0 0 =12
0 3 3 0 0 0 0 =146
0 3 3 0 0 1 0 =1
0 3 3 1 0 0 0 =3
0 3 4 0 0 0 0 =22
0 3 5 0 0 0 0 =1
0 4 0 0 0 0 0 =140075
0 4 0 0 0 0 1 =18
0 4 0 0 0 1 0 =452
0 4 0 0 0 1 1 =1
0 4 0 0 0 2 0 =1
0 4 0 0 1 0 0 =10
0 4 0 1 0 0 0 =8
0 4 0 2 0 0 0 =1
0 4 1 0 0 0 0 =4155
0 4 1 0 0 0 1 =6
0 4 1 0 0 1 0 =17
0 4 1 0 1 0 0 =15
0 4 1 1 0 0 0 =15
0 4 2 0 0 0 0 =1127
0 4 2 0 0 0 1 =6
0 4 2 0 0 1 0 =5
0 4 2 0 1 0 0 =9
0 4 2 1 0 0 0 =6
0 4 3 0 0 0 0 =60
0 4 3 0 1 0 0 =1
0 4 3 1 0 0 0 =1
0 4 4 0 0 0 0 =2
0 4 5 0 0 0 0 =1
0 5 0 0 0 0 0 =54338
0 5 0 0 0 0 1 =11
0 5 0 0 0 1 0 =166
0 5 0 0 1 0 0 =5
0 5 0 1 0 0 0 =3
0 5 1 0 0 0 0 =1481
0 5 1 0 0 0 1 =1
0 5 1 0 0 1 0 =5
0 5 1 0 1 0 0 =3
0 5 1 1 0 0 0 =8
0 5 2 0 0 0 0 =355
0 5 2 0 0 0 1 =1
0 5 2 0 0 1 0 =2
0 5 2 0 1 0 0 =2
0 5 2 1 0 0 0 =3
0 5 3 0 0 0 0 =19
0 5 4 0 0 0 0 =1
0 6 0 0 0 0 0 =17494
0 6 0 0 0 0 1 =4
0 6 0 0 0 1 0 =55
0 6 0 0 1 0 0 =1
0 6 1 0 0 0 0 =482
0 6 1 0 0 0 1 =2
0 6 1 0 0 1 0 =1
0 6 1 1 0 0 0 =2
0 6 2 0 0 0 0 =96
0 6 2 0 0 0 1 =1
0 6 2 1 0 0 0 =1
0 6 3 0 0 0 0 =3
0 6 4 0 0 0 0 =2
0 7 0 0 0 0 0 =4743
0 7 0 0 0 0 1 =1
0 7 0 0 0 1 0 =17
0 7 1 0 0 0 0 =146
0 7 1 0 0 0 1 =2
0 7 1 0 0 1 0 =1
0 7 2 0 0 0 0 =30
0 7 2 0 1 0 0 =1
0 8 0 0 0 0 0 =1190
0 8 0 0 0 1 0 =6
0 8 1 0 0 0 0 =32
0 8 2 0 0 0 0 =6
0 9 0 0 0 0 0 =302
0 9 0 0 0 1 0 =2
0 9 1 0 0 0 0 =10
0 9 2 0 0 0 0 =2
1 0 0 0 0 0 0 =12
1 0 0 0 1 0 0 =1
1 0 1 0 0 0 0 =16
1 0 1 0 0 1 0 =1
1 0 1 1 0 0 0 =1
1 0 2 0 0 0 0 =3
1 1 0 0 0 0 0 =326
1 1 0 0 0 0 1 =1
1 1 0 0 0 1 0 =3
1 1 0 1 0 0 0 =1
1 1 1 0 0 0 0 =18
1 1 2 0 0 0 0 =7
1 1 3 0 0 0 0 =2
1 2 0 0 0 0 0 =457
1 2 0 0 0 0 1 =1
1 2 0 0 0 1 0 =3
1 2 0 0 0 1 1 =1
1 2 0 0 1 0 0 =1
1 2 0 1 0 0 0 =1
1 2 1 0 0 0 0 =12
1 2 2 0 0 0 0 =2
1 3 0 0 0 0 0 =310
1 3 0 0 0 1 0 =2
1 3 1 0 0 0 0 =10
1 4 0 0 0 0 0 =135
1 4 0 0 0 0 1 =1
1 4 0 1 0 0 0 =1
1 4 1 0 0 0 0 =3
1 4 2 0 0 0 0 =1
1 4 2 0 0 0 1 =1
1 5 0 0 0 0 0 =51
1 5 1 0 0 0 0 =4
1 6 0 0 0 0 0 =18
1 6 0 0 0 1 0 =1
1 7 0 0 0 0 0 =3
1 9 0 0 0 0 0 =1
