0 0 0 0 0 0 0 =9604
0 0 0 0 0 0 1 =6
0 0 0 0 0 1 0 =85
0 0 0 0 1 0 0 =11
0 0 0 0 1 1 0 =1
0 0 0 1 0 0 0 =9
0 0 1 0 0 0 0 =3816
0 0 1 0 0 0 1 =3
0 0 1 0 0 1 0 =24
0 0 1 0 1 0 0 =12
0 0 1 1 0 0 0 =10
0 0 1 1 0 0 1 =1
0 0 1 1 1 0 0 =1
0 0 2 0 0 0 0 =3026
0 0 2 0 0 0 1 =1
0 0 2 0 0 1 0 =13
0 0 2 0 1 0 0 =11
0 0 2 1 0 0 0 =8
0 0 2 1 0 0 1 =1
0 0 2 1 1 0 0 =1
0 0 2 2 0 0 0 =1
0 0 3 0 0 0 0 =345
0 0 3 0 0 1 0 =1
0 0 3 0 1 0 0 =2
0 0 3 1 0 0 0 =5
0 0 4 0 0 0 0 =48
0 0 4 0 1 0 0 =1
0 0 5 0 0 0 0 =2
0 0 7 0 0 0 0 =1
0 1 0 0 0 0 0 =105632
0 1 0 0 0 0 1 =61
0 1 0 0 0 0 2 =4
0 1 0 0 0 1 0 =594
0 1 0 0 0 1 1 =2
0 1 0 0 0 2 0 =6
0 1 0 0 1 0 0 =58
0 1 0 0 2 0 0 =1
0 1 0 0 2 1 0 =1
0 1 0 1 0 0 0 =56
0 1 0 2 0 0 0 =6
0 1 1 0 0 0 0 =17005
0 1 1 0 0 0 1 =23
0 1 1 0 0 0 2 =1
0 1 1 0 0 1 0 =62
0 1 1 0 1 0 0 =68
0 1 1 0 1 0 1 =1
0 1 1 0 2 0 0 =1
0 1 1 1 0 0 0 =64
0 1 1 1 0 0 1 =2
0 1 2 0 0 0 0 =7255
0 1 2 0 0 0 1 =10
0 1 2 0 0 0 2 =1
0 1 2 0 0 1 0 =25
0 1 2 0 1 0 0 =33
0 1 2 1 0 0 0 =26
0 1 2 1 1 0 0 =1
0 1 3 0 0 0 0 =490
0 1 3 0 0 0 1 =1
0 1 3 0 0 1 0 =1
0 1 3 0 1 0 0 =1
0 1 3 1 0 0 0 =5
0 1 4 0 0 0 0 =45
0 1 5 0 0 0 0 =1
0 10 0 0 0 0 0 =61
0 11 0 0 0 0 0 =20
0 11 1 0 0 0 0 =1
0 12 0 0 0 0 0 =1
0 13 0 0 0 0 0 =1
0 2 0 0 0 0 0 =313294
0 2 0 0 0 0 1 =64
0 2 0 0 0 0 2 =3
0 2 0 0 0 1 0 =1129
0 2 0 0 0 1 1 =1
0 2 0 0 0 2 0 =6
0 2 0 0 1 0 0 =46
0 2 0 0 1 1 0 =3
0 2 0 0 2 0 0 =4
0 2 0 1 0 0 0 =45
0 2 0 1 0 1 0 =1
0 2 0 2 0 0 0 =1
0 2 1 0 0 0 0 =16348
0 2 1 0 0 0 1 =22
0 2 1 0 0 1 0 =52
0 2 1 0 0 2 0 =1
0 2 1 0 1 0 0 =41
0 2 1 1 0 0 0 =64
0 2 2 0 0 0 0 =5583
0 2 2 0 0 0 1 =14
0 2 2 0 0 1 0 =28
0 2 2 0 1 0 0 =25
0 2 2 0 2 0 0 =2
0 2 2 1 0 0 0 =26
0 2 2 1 0 0 1 =1
0 2 3 0 0 0 0 =324
0 2 3 0 0 1 0 =2
0 2 3 0 1 0 0 =2
0 2 3 0 1 0 1 =1
0 2 3 1 0 0 0 =2
0 2 4 0 0 0 0 =34
0 2 5 0 0 0 0 =3
0 3 0 0 0 0 0 =268371
0 3 0 0 0 0 1 =36
0 3 0 0 0 0 2 =1
0 3 0 0 0 1 0 =857
0 3 0 0 0 2 0 =3
0 3 0 0 1 0 0 =23
0 3 0 0 1 0 1 =1
0 3 0 0 2 0 0 =2
0 3 0 1 0 0 0 =30
0 3 1 0 0 0 0 =9610
0 3 1 0 0 0 1 =18
0 3 1 0 0 1 0 =31
0 3 1 0 1 0 0 =38
0 3 1 1 0 0 0 =30
0 3 1 1 0 0 1 =1
0 3 2 0 0 0 0 =2758
0 3 2 0 0 0 1 =9
0 3 2 0 0 0 2 =1
0 3 2 0 0 1 0 =16
0 3 2 0 1 0 0 =18
0 3 2 1 0 0 0 =16
0 3 3 0 0 0 0 =162
0 3 3 0 1 0 0 =2
0 3 3 1 0 0 0 =4
0 3 4 0 0 0 0 =11
0 3 5 0 0 0 0 =1
0 3 6 0 0 0 0 =1
0 4 0 0 0 0 0 =140131
0 4 0 0 0 0 1 =17
0 4 0 0 0 0 2 =1
0 4 0 0 0 1 0 =463
0 4 0 0 1 0 0 =10
0 4 0 1 0 0 0 =13
0 4 0 2 0 0 0 =1
0 4 1 0 0 0 0 =4175
0 4 1 0 0 0 1 =8
0 4 1 0 0 1 0 =14
0 4 1 0 1 0 0 =13
0 4 1 1 0 0 0 =12
0 4 2 0 0 0 0 =1145
0 4 2 0 0 0 1 =3
0 4 2 0 0 1 0 =4
0 4 2 0 1 0 0 =9
0 4 2 1 0 0 0 =4
0 4 3 0 0 0 0 =50
0 4 3 0 1 0 0 =1
0 4 4 0 0 0 0 =5
0 5 0 0 0 0 0 =54481
0 5 0 0 0 0 1 =6
0 5 0 0 0 1 0 =175
0 5 0 0 0 2 0 =2
0 5 0 0 1 0 0 =2
0 5 0 1 0 0 0 =3
0 5 1 0 0 0 0 =1436
0 5 1 0 0 0 1 =1
0 5 1 0 0 1 0 =6
0 5 1 0 1 0 0 =3
0 5 1 1 0 0 0 =3
0 5 2 0 0 0 0 =402
0 5 2 0 0 1 0 =3
0 5 2 0 1 0 0 =3
0 5 2 1 0 0 0 =3
0 5 3 0 0 0 0 =9
0 5 4 0 0 0 0 =2
0 6 0 0 0 0 0 =17202
0 6 0 0 0 0 1 =2
0 6 0 0 0 1 0 =68
0 6 0 0 2 0 0 =1
0 6 0 1 0 0 0 =2
0 6 1 0 0 0 0 =450
0 6 1 0 0 1 0 =1
0 6 1 1 0 0 0 =2
0 6 2 0 0 0 0 =108
0 6 3 0 0 0 0 =6
0 6 4 0 0 0 0 =1
0 7 0 0 0 0 0 =4829
0 7 0 0 0 0 1 =2
0 7 0 0 0 1 0 =16
0 7 0 1 0 0 0 =1
0 7 1 0 0 0 0 =134
0 7 2 0 0 0 0 =26
0 7 2 0 0 0 1 =1
0 7 3 0 0 0 0 =3
0 8 0 0 0 0 0 =1217
0 8 0 0 0 1 0 =6
0 8 1 0 0 0 0 =35
0 8 1 1 0 0 0 =1
0 8 2 0 0 0 0 =4
0 8 3 0 0 0 0 =1
0 9 0 0 0 0 0 =297
0 9 1 0 0 0 0 =5
0 9 2 0 0 0 0 =1
1 0 0 0 0 0 0 =13
1 0 0 0 0 1 0 =1
1 0 0 0 1 0 0 =1
1 0 0 1 0 1 0 =1
1 0 1 0 0 0 0 =12
1 0 2 0 0 0 0 =4
1 0 3 0 0 0 0 =1
1 1 0 0 0 0 0 =323
1 1 0 0 0 0 1 =2
1 1 0 0 0 1 0 =1
1 1 0 0 1 0 0 =1
1 1 1 0 0 0 0 =13
1 1 2 0 0 0 0 =5
1 10 0 0 0 0 0 =1
1 2 0 0 0 0 0 =407
1 2 0 0 0 1 0 =4
1 2 0 1 0 0 0 =1
1 2 1 0 0 0 0 =15
1 2 2 0 0 0 0 =7
1 2 2 0 1 0 0 =1
1 2 2 0 1 0 1 =1
1 2 3 0 0 0 0 =1
1 3 0 0 0 0 0 =257
1 3 0 0 0 0 1 =1
1 3 0 0 0 1 0 =1
1 3 0 0 1 0 0 =2
1 3 1 0 0 0 0 =17
1 3 1 1 0 0 1 =1
1 3 2 0 0 0 0 =3
1 4 0 0 0 0 0 =146
1 4 0 0 0 1 0 =1
1 4 0 1 0 0 0 =1
1 4 1 0 0 0 0 =1
1 4 2 0 0 0 0 =2
1 4 2 0 0 0 1 =1
1 5 0 0 0 0 0 =56
1 5 1 0 0 0 0 =3
1 5 2 0 0 0 0 =1
1 5 2 0 0 1 0 =1
1 5 3 0 0 0 0 =1
1 6 0 0 0 0 0 =17
1 6 0 0 0 1 0 =1
1 7 0 0 0 0 0 =8
1 7 0 0 0 2 0 =1
1 7 2 0 0 0 0 =1
1 8 0 0 0 0 0 =3
