0 0 0 0 0 0 0 =9430
0 0 0 0 0 0 1 =4
0 0 0 0 0 1 0 =86
0 0 0 0 1 0 0 =16
0 0 0 0 2 0 0 =2
0 0 0 1 0 0 0 =18
0 0 0 1 0 1 0 =1
0 0 0 2 0 0 0 =1
0 0 1 0 0 0 0 =3802
0 0 1 0 0 0 1 =3
0 0 1 0 0 1 0 =19
0 0 1 0 0 2 0 =1
0 0 1 0 1 0 0 =9
0 0 1 0 1 0 1 =1
0 0 1 1 0 0 0 =20
0 0 2 0 0 0 0 =3032
0 0 2 0 0 0 1 =4
0 0 2 0 0 0 2 =1
0 0 2 0 0 1 0 =9
0 0 2 0 1 0 0 =11
0 0 2 0 1 0 1 =1
0 0 2 0 2 0 0 =1
0 0 2 1 0 0 0 =13
0 0 2 1 0 0 1 =1
0 0 2 1 1 0 0 =4
0 0 3 0 0 0 0 =352
0 0 3 0 0 1 0 =2
0 0 3 1 0 0 0 =2
0 0 4 0 0 0 0 =36
0 0 4 0 1 0 0 =1
0 0 5 0 0 0 0 =2
0 1 0 0 0 0 0 =106700
0 1 0 0 0 0 1 =69
0 1 0 0 0 0 2 =7
0 1 0 0 0 1 0 =601
0 1 0 0 0 1 1 =1
0 1 0 0 0 2 0 =7
0 1 0 0 1 0 0 =51
0 1 0 0 1 1 0 =1
0 1 0 0 2 0 0 =1
0 1 0 1 0 0 0 =53
0 1 0 2 0 0 0 =5
0 1 1 0 0 0 0 =16973
0 1 1 0 0 0 1 =29
0 1 1 0 0 1 0 =49
0 1 1 0 1 0 0 =44
0 1 1 0 1 0 1 =1
0 1 1 1 0 0 0 =46
0 1 2 0 0 0 0 =7030
0 1 2 0 0 0 1 =11
0 1 2 0 0 1 0 =15
0 1 2 0 1 0 0 =21
0 1 2 0 1 0 1 =2
0 1 2 1 0 0 0 =31
0 1 2 1 0 1 0 =1
0 1 3 0 0 0 0 =513
0 1 3 0 0 0 1 =2
0 1 3 0 0 1 0 =2
0 1 3 0 1 0 0 =3
0 1 3 1 0 0 0 =3
0 1 4 0 0 0 0 =57
0 1 4 0 1 0 0 =1
0 1 5 0 0 0 0 =3
0 10 0 0 0 0 0 =90
0 10 0 0 0 1 0 =1
0 10 1 0 0 0 0 =3
0 10 2 0 0 0 0 =3
0 11 0 0 0 0 0 =11
0 11 0 0 0 1 0 =1
0 11 1 0 0 0 0 =2
0 12 0 0 0 0 0 =2
0 13 0 0 0 0 0 =1
0 2 0 0 0 0 0 =313250
0 2 0 0 0 0 1 =62
0 2 0 0 0 0 2 =1
0 2 0 0 0 1 0 =1104
0 2 0 0 0 1 1 =2
0 2 0 0 0 2 0 =2
0 2 0 0 1 0 0 =41
0 2 0 0 2 0 0 =3
0 2 0 0 2 1 0 =1
0 2 0 1 0 0 0 =52
0 2 0 1 0 0 1 =1
0 2 0 2 0 0 0 =4
0 2 1 0 0 0 0 =16215
0 2 1 0 0 0 1 =33
0 2 1 0 0 1 0 =52
0 2 1 0 1 0 0 =57
0 2 1 1 0 0 0 =67
0 2 1 1 0 0 1 =1
0 2 1 1 0 1 0 =1
0 2 1 1 1 0 0 =1
0 2 2 0 0 0 0 =5518
0 2 2 0 0 0 1 =8
0 2 2 0 0 1 0 =18
0 2 2 0 1 0 0 =31
0 2 2 1 0 0 0 =25
0 2 2 2 0 0 0 =1
0 2 3 0 0 0 0 =354
0 2 3 0 0 0 1 =1
0 2 3 0 0 1 0 =1
0 2 3 0 1 0 0 =1
0 2 3 2 0 0 0 =1
0 2 4 0 0 0 0 =24
0 2 5 0 0 0 0 =2
0 3 0 0 0 0 0 =267947
0 3 0 0 0 0 1 =34
0 3 0 0 0 0 2 =1
0 3 0 0 0 1 0 =867
0 3 0 0 0 2 0 =3
0 3 0 0 1 0 0 =20
0 3 0 0 2 0 0 =1
0 3 0 1 0 0 0 =14
0 3 1 0 0 0 0 =9663
0 3 1 0 0 0 1 =18
0 3 1 0 0 1 0 =34
0 3 1 0 1 0 0 =45
0 3 1 1 0 0 0 =33
0 3 2 0 0 0 0 =2823
0 3 2 0 0 0 1 =11
0 3 2 0 0 1 0 =11
0 3 2 0 1 0 0 =9
0 3 2 1 0 0 0 =14
0 3 2 1 0 0 1 =1
0 3 3 0 0 0 0 =152
0 3 3 0 0 0 1 =1
0 3 4 0 0 0 0 =10
0 4 0 0 0 0 0 =139793
0 4 0 0 0 0 1 =22
0 4 0 0 0 0 2 =1
0 4 0 0 0 1 0 =460
0 4 0 0 0 2 0 =3
0 4 0 0 1 0 0 =15
0 4 0 1 0 0 0 =11
0 4 1 0 0 0 0 =4165
0 4 1 0 0 0 1 =7
0 4 1 0 0 1 0 =20
0 4 1 0 1 0 0 =12
0 4 1 1 0 0 0 =8
0 4 2 0 0 0 0 =1125
0 4 2 0 0 0 1 =3
0 4 2 0 0 1 0 =4
0 4 2 0 1 0 0 =5
0 4 2 1 0 0 0 =3
0 4 3 0 0 0 0 =60
0 4 3 0 0 1 0 =1
0 4 4 0 0 0 0 =6
0 5 0 0 0 0 0 =54503
0 5 0 0 0 0 1 =7
0 5 0 0 0 1 0 =187
0 5 0 0 1 0 0 =3
0 5 0 1 0 0 0 =2
0 5 1 0 0 0 0 =1495
0 5 1 0 0 0 1 =1
0 5 1 0 0 1 0 =6
0 5 1 0 1 0 0 =11
0 5 1 1 0 0 0 =3
0 5 2 0 0 0 0 =365
0 5 2 0 0 0 1 =1
0 5 2 0 0 1 0 =4
0 5 2 0 1 0 0 =2
0 5 2 1 0 0 0 =2
0 5 3 0 0 0 0 =22
0 6 0 0 0 0 0 =17482
0 6 0 0 0 1 0 =67
0 6 0 0 1 0 0 =2
0 6 0 0 2 0 0 =1
0 6 1 0 0 0 0 =487
0 6 1 0 0 0 1 =4
0 6 1 0 0 1 0 =4
0 6 1 0 1 0 0 =3
0 6 2 0 0 0 0 =98
0 6 2 0 0 1 0 =1
0 6 2 1 0 0 0 =1
0 6 3 0 0 0 0 =9
0 6 5 0 0 0 0 =1
0 7 0 0 0 0 0 =4814
0 7 0 0 0 0 1 =1
0 7 0 0 0 1 0 =26
0 7 1 0 0 0 0 =134
0 7 2 0 0 0 0 =21
0 7 3 0 0 0 0 =2
0 8 0 0 0 0 0 =1254
0 8 0 0 0 1 0 =4
0 8 1 0 0 0 0 =40
0 8 2 0 0 0 0 =12
0 9 0 0 0 0 0 =294
0 9 0 0 0 1 0 =3
0 9 1 0 0 0 0 =10
0 9 2 0 0 0 0 =2
1 0 0 0 0 0 0 =15
1 0 1 0 0 0 0 =9
1 0 2 0 0 0 0 =4
1 1 0 0 0 0 0 =351
1 1 0 0 0 0 1 =2
1 1 0 0 0 1 0 =1
1 1 1 0 0 0 0 =11
1 1 1 0 0 0 1 =1
1 1 2 0 0 0 0 =5
1 1 4 0 0 0 0 =1
1 2 0 0 0 0 0 =420
1 2 0 0 0 0 1 =2
1 2 0 0 0 1 0 =3
1 2 1 0 0 0 0 =14
1 2 2 0 0 0 0 =4
1 2 2 0 1 0 0 =1
1 2 2 1 0 0 0 =1
1 2 4 0 0 0 0 =1
1 3 0 0 0 0 0 =256
1 3 0 0 0 0 1 =2
1 3 0 0 0 1 0 =1
1 3 1 0 0 0 0 =10
1 3 2 0 0 0 0 =2
1 4 0 0 0 0 0 =126
1 4 0 0 0 1 0 =1
1 4 1 0 0 0 0 =5
1 4 2 0 0 0 0 =2
1 5 0 0 0 0 0 =54
1 5 1 0 0 0 0 =2
1 5 2 0 0 0 0 =1
1 6 0 0 0 0 0 =24
1 6 2 0 0 0 0 =1
1 7 0 0 0 0 0 =7
1 7 2 0 0 0 0 =1
1 8 0 0 0 0 0 =3
