0 0 0 0 0 0 0 =9564
0 0 0 0 0 0 1 =8
0 0 0 0 0 1 0 =99
0 0 0 0 0 2 0 =1
0 0 0 0 1 0 0 =19
0 0 0 1 0 0 0 =11
0 0 1 0 0 0 0 =3796
0 0 1 0 0 0 1 =3
0 0 1 0 0 0 2 =1
0 0 1 0 0 1 0 =22
0 0 1 0 1 0 0 =10
0 0 1 0 1 0 1 =1
0 0 1 1 0 0 0 =15
0 0 1 2 0 0 0 =2
0 0 2 0 0 0 0 =3156
0 0 2 0 0 0 1 =5
0 0 2 0 0 0 2 =1
0 0 2 0 0 1 0 =18
0 0 2 0 1 0 0 =17
0 0 2 1 0 0 0 =12
0 0 2 1 0 0 1 =1
0 0 3 0 0 0 0 =334
0 0 3 0 0 1 0 =3
0 0 3 0 1 0 0 =4
0 0 4 0 0 0 0 =40
0 0 5 0 0 0 0 =1
0 0 6 0 0 0 0 =1
0 1 0 0 0 0 0 =106274
0 1 0 0 0 0 1 =61
0 1 0 0 0 0 2 =3
0 1 0 0 0 1 0 =624
0 1 0 0 0 1 1 =1
0 1 0 0 0 2 0 =7
0 1 0 0 1 0 0 =58
0 1 0 0 2 0 0 =4
0 1 0 1 0 0 0 =44
0 1 0 1 0 1 0 =1
0 1 0 1 1 0 0 =1
0 1 0 2 0 0 0 =9
0 1 0 2 0 1 0 =1
0 1 1 0 0 0 0 =16976
0 1 1 0 0 0 1 =30
0 1 1 0 0 1 0 =78
0 1 1 0 1 0 0 =56
0 1 1 0 1 0 1 =1
0 1 1 1 0 0 0 =53
0 1 1 1 0 0 1 =3
0 1 2 0 0 0 0 =7105
0 1 2 0 0 0 1 =23
0 1 2 0 0 1 0 =24
0 1 2 0 0 1 1 =1
0 1 2 0 1 0 0 =29
0 1 2 0 1 1 0 =1
0 1 2 0 2 0 0 =2
0 1 2 1 0 0 0 =32
0 1 2 1 0 0 1 =3
0 1 2 1 0 1 0 =1
0 1 2 2 0 0 0 =1
0 1 3 0 0 0 0 =496
0 1 3 0 0 0 1 =2
0 1 3 0 0 1 0 =3
0 1 3 0 1 0 0 =2
0 1 3 1 0 0 0 =3
0 1 4 0 0 0 0 =38
0 1 5 0 0 0 0 =2
0 10 0 0 0 0 0 =76
0 10 2 0 0 0 0 =2
0 11 0 0 0 0 0 =15
0 11 0 0 0 1 0 =1
0 11 1 0 0 0 0 =1
0 11 1 0 0 0 1 =1
0 12 0 0 0 0 0 =1
0 12 1 0 0 0 0 =1
0 13 0 0 0 0 0 =2
0 14 0 0 0 0 0 =1
0 2 0 0 0 0 0 =313988
0 2 0 0 0 0 1 =59
0 2 0 0 0 0 2 =2
0 2 0 0 0 1 0 =1193
0 2 0 0 0 2 0 =7
0 2 0 0 1 0 0 =48
0 2 0 0 1 1 0 =1
0 2 0 0 2 0 0 =1
0 2 0 1 0 0 0 =52
0 2 0 1 0 0 1 =1
0 2 0 2 0 0 0 =8
0 2 1 0 0 0 0 =16189
0 2 1 0 0 0 1 =26
0 2 1 0 0 1 0 =68
0 2 1 0 0 2 0 =1
0 2 1 0 1 0 0 =52
0 2 1 0 1 0 1 =2
0 2 1 1 0 0 0 =56
0 2 2 0 0 0 0 =5616
0 2 2 0 0 0 1 =11
0 2 2 0 0 0 2 =1
0 2 2 0 0 1 0 =30
0 2 2 0 1 0 0 =25
0 2 2 0 1 0 1 =2
0 2 2 1 0 0 0 =22
0 2 2 1 0 0 1 =2
0 2 2 1 0 1 1 =1
0 2 2 1 1 0 0 =1
0 2 3 0 0 0 0 =311
0 2 3 0 0 1 0 =2
0 2 3 0 1 0 0 =2
0 2 3 1 0 0 0 =2
0 2 4 0 0 0 0 =21
0 2 5 0 0 0 0 =2
0 2 6 0 0 0 0 =1
0 3 0 0 0 0 0 =267332
0 3 0 0 0 0 1 =46
0 3 0 0 0 1 0 =880
0 3 0 0 0 2 0 =3
0 3 0 0 1 0 0 =23
0 3 0 0 2 0 0 =1
0 3 0 1 0 0 0 =29
0 3 0 2 0 0 0 =1
0 3 1 0 0 0 0 =9447
0 3 1 0 0 0 1 =19
0 3 1 0 0 1 0 =24
0 3 1 0 1 0 0 =34
0 3 1 1 0 0 0 =33
0 3 1 1 0 1 0 =1
0 3 1 2 0 0 0 =1
0 3 2 0 0 0 0 =2754
0 3 2 0 0 0 1 =4
0 3 2 0 0 1 0 =9
0 3 2 0 1 0 0 =13
0 3 2 1 0 0 0 =15
0 3 2 1 0 1 0 =1
0 3 3 0 0 0 0 =159
0 3 3 0 1 0 0 =2
0 3 3 1 0 0 0 =1
0 3 4 0 0 0 0 =11
0 4 0 0 0 0 0 =139875
0 4 0 0 0 0 1 =21
0 4 0 0 0 1 0 =466
0 4 0 0 0 2 0 =2
0 4 0 0 1 0 0 =6
0 4 0 1 0 0 0 =8
0 4 0 2 0 0 0 =1
0 4 1 0 0 0 0 =4178
0 4 1 0 0 0 1 =4
0 4 1 0 0 1 0 =10
0 4 1 0 1 0 0 =10
0 4 1 1 0 0 0 =10
0 4 1 1 0 1 0 =1
0 4 2 0 0 0 0 =1056
0 4 2 0 0 1 0 =10
0 4 2 0 1 0 0 =7
0 4 2 1 0 0 0 =6
0 4 3 0 0 0 0 =58
0 4 3 1 0 0 0 =1
0 4 4 0 0 0 0 =4
0 4 5 0 0 0 0 =1
0 5 0 0 0 0 0 =54280
0 5 0 0 0 0 1 =2
0 5 0 0 0 1 0 =173
0 5 0 0 1 0 0 =3
0 5 0 1 0 0 0 =3
0 5 1 0 0 0 0 =1509
0 5 1 0 0 0 1 =2
0 5 1 0 0 1 0 =3
0 5 1 0 1 0 0 =2
0 5 1 1 0 0 0 =6
0 5 2 0 0 0 0 =418
0 5 2 0 0 1 0 =2
0 5 2 0 1 0 0 =4
0 5 2 1 0 0 0 =2
0 5 3 0 0 0 0 =16
0 5 3 0 1 0 0 =2
0 6 0 0 0 0 0 =17306
0 6 0 0 0 0 1 =1
0 6 0 0 0 1 0 =63
0 6 0 0 2 0 0 =1
0 6 1 0 0 0 0 =468
0 6 1 0 0 0 1 =2
0 6 1 0 0 1 0 =3
0 6 1 0 1 0 0 =2
0 6 1 1 0 0 0 =1
0 6 2 0 0 0 0 =110
0 6 2 0 0 1 0 =1
0 6 2 0 1 0 0 =1
0 6 2 1 0 0 0 =1
0 6 3 0 0 0 0 =8
0 6 4 0 0 0 0 =1
0 7 0 0 0 0 0 =4841
0 7 0 0 0 0 1 =1
0 7 0 0 0 1 0 =13
0 7 1 0 0 0 0 =130
0 7 1 0 0 1 0 =2
0 7 1 1 0 0 0 =1
0 7 2 0 0 0 0 =41
0 7 3 0 0 0 0 =2
0 7 4 0 0 0 0 =1
0 8 0 0 0 0 0 =1257
0 8 0 0 0 0 1 =1
0 8 0 0 0 1 0 =5
0 8 1 0 0 0 0 =38
0 8 2 0 0 0 0 =10
0 9 0 0 0 0 0 =305
0 9 0 0 0 1 0 =4
0 9 1 0 0 0 0 =13
0 9 2 0 0 0 0 =2
1 0 0 0 0 0 0 =18
1 0 0 0 0 1 0 =2
1 0 1 0 0 0 0 =12
1 0 2 0 0 0 0 =4
1 0 4 0 0 0 0 =1
1 1 0 0 0 0 0 =346
1 1 0 0 0 1 0 =5
1 1 0 1 0 0 0 =1
1 1 1 0 0 0 0 =21
1 1 2 0 0 0 0 =8
1 1 2 0 0 0 1 =1
1 1 3 0 0 0 0 =1
1 2 0 0 0 0 0 =419
1 2 0 0 0 1 0 =1
1 2 0 0 1 0 0 =1
1 2 1 0 0 0 0 =19
1 2 2 0 0 0 0 =9
1 2 3 0 0 0 0 =1
1 3 0 0 0 0 0 =281
1 3 0 0 0 1 0 =1
1 3 0 1 0 0 0 =1
1 3 1 0 0 0 0 =9
1 3 1 0 0 0 1 =1
1 3 2 0 0 0 0 =1
1 3 3 0 0 0 0 =1
1 4 0 0 0 0 0 =125
1 4 1 0 0 0 0 =7
1 4 1 0 1 0 0 =1
1 4 2 0 0 0 0 =1
1 4 2 0 0 0 1 =1
1 5 0 0 0 0 0 =65
1 5 0 1 0 0 0 =1
1 5 1 0 0 0 0 =4
1 5 2 0 0 0 0 =1
1 6 0 0 0 0 0 =21
1 6 2 0 0 0 0 =1
1 7 0 0 0 0 0 =5
1 8 0 0 0 0 0 =2
1 9 0 0 0 0 0 =1
