0 0 0 0 0 0 0 =9567
0 0 0 0 0 0 1 =14
0 0 0 0 0 1 0 =93
0 0 0 0 0 2 0 =1
0 0 0 0 1 0 0 =10
0 0 0 0 2 0 0 =2
0 0 0 1 0 0 0 =9
0 0 0 2 0 0 0 =1
0 0 1 0 0 0 0 =3741
0 0 1 0 0 0 1 =7
0 0 1 0 0 1 0 =17
0 0 1 0 1 0 0 =12
0 0 1 0 1 0 1 =1
0 0 1 1 0 0 0 =15
0 0 2 0 0 0 0 =3116
0 0 2 0 0 0 1 =2
0 0 2 0 0 1 0 =11
0 0 2 0 1 0 0 =11
0 0 2 0 1 0 1 =3
0 0 2 1 0 0 0 =13
0 0 3 0 0 0 0 =344
0 0 3 0 0 1 0 =2
0 0 3 0 1 0 0 =3
0 0 3 1 0 0 0 =4
0 0 4 0 0 0 0 =48
0 0 5 0 0 0 0 =4
0 1 0 0 0 0 0 =106666
0 1 0 0 0 0 1 =54
0 1 0 0 0 0 2 =4
0 1 0 0 0 1 0 =602
0 1 0 0 0 2 0 =3
0 1 0 0 1 0 0 =45
0 1 0 0 1 1 0 =1
0 1 0 0 2 0 0 =3
0 1 0 1 0 0 0 =59
0 1 0 1 0 1 0 =3
0 1 0 2 0 0 0 =3
0 1 1 0 0 0 0 =16965
0 1 1 0 0 0 1 =19
0 1 1 0 0 1 0 =63
0 1 1 0 1 0 0 =79
0 1 1 0 1 0 1 =1
0 1 1 1 0 0 0 =53
0 1 1 1 0 1 0 =2
0 1 2 0 0 0 0 =7017
0 1 2 0 0 0 1 =14
0 1 2 0 0 0 2 =1
0 1 2 0 0 1 0 =30
0 1 2 0 1 0 0 =41
0 1 2 0 1 0 1 =1
0 1 2 1 0 0 0 =32
0 1 2 1 1 0 0 =1
0 1 3 0 0 0 0 =495
0 1 3 0 0 0 1 =3
0 1 3 0 0 1 0 =4
0 1 3 0 1 0 0 =1
0 1 3 1 0 0 0 =3
0 1 3 1 1 0 0 =1
0 1 4 0 0 0 0 =39
0 1 5 0 0 0 0 =6
0 1 6 0 0 0 0 =1
0 10 0 0 0 0 0 =71
0 10 1 0 0 0 0 =1
0 11 0 0 0 0 0 =13
0 11 1 0 0 0 0 =2
0 12 0 0 0 0 0 =3
0 13 0 0 0 0 0 =1
0 2 0 0 0 0 0 =312837
0 2 0 0 0 0 1 =51
0 2 0 0 0 0 2 =3
0 2 0 0 0 1 0 =1117
0 2 0 0 0 2 0 =5
0 2 0 0 1 0 0 =52
0 2 0 0 2 0 0 =2
0 2 0 1 0 0 0 =44
0 2 0 2 0 0 0 =2
0 2 1 0 0 0 0 =16159
0 2 1 0 0 0 1 =32
0 2 1 0 0 0 2 =1
0 2 1 0 0 1 0 =53
0 2 1 0 1 0 0 =44
0 2 1 1 0 0 0 =46
0 2 2 0 0 0 0 =5510
0 2 2 0 0 0 1 =9
0 2 2 0 0 0 2 =1
0 2 2 0 0 1 0 =14
0 2 2 0 1 0 0 =21
0 2 2 1 0 0 0 =22
0 2 2 1 0 0 1 =1
0 2 2 2 0 0 0 =2
0 2 3 0 0 0 0 =330
0 2 3 0 0 0 1 =2
0 2 3 0 1 0 0 =2
0 2 3 1 0 0 0 =1
0 2 3 1 1 0 0 =1
0 2 4 0 0 0 0 =29
0 2 5 0 0 0 0 =4
0 3 0 0 0 0 0 =268433
0 3 0 0 0 0 1 =51
0 3 0 0 0 0 2 =2
0 3 0 0 0 1 0 =845
0 3 0 0 0 2 0 =5
0 3 0 0 1 0 0 =23
0 3 0 1 0 0 0 =30
0 3 0 2 0 0 0 =1
0 3 1 0 0 0 0 =9559
0 3 1 0 0 0 1 =17
0 3 1 0 0 1 0 =27
0 3 1 0 0 1 1 =1
0 3 1 0 1 0 0 =27
0 3 1 1 0 0 0 =30
0 3 1 1 0 1 0 =1
0 3 2 0 0 0 0 =2869
0 3 2 0 0 0 1 =4
0 3 2 0 0 1 0 =11
0 3 2 0 1 0 0 =16
0 3 2 1 0 0 0 =13
0 3 2 1 1 0 0 =1
0 3 3 0 0 0 0 =170
0 3 3 0 0 0 1 =1
0 3 3 0 0 1 0 =2
0 3 3 1 0 0 0 =1
0 3 4 0 0 0 0 =11
0 3 5 0 0 0 0 =1
0 4 0 0 0 0 0 =139849
0 4 0 0 0 0 1 =24
0 4 0 0 0 1 0 =430
0 4 0 0 0 2 0 =1
0 4 0 0 1 0 0 =7
0 4 0 0 2 0 0 =2
0 4 0 1 0 0 0 =9
0 4 0 2 0 0 0 =1
0 4 1 0 0 0 0 =4096
0 4 1 0 0 0 1 =3
0 4 1 0 0 1 0 =13
0 4 1 0 1 0 0 =12
0 4 1 1 0 0 0 =13
0 4 2 0 0 0 0 =1120
0 4 2 0 0 0 1 =7
0 4 2 0 0 1 0 =2
0 4 2 0 1 0 0 =6
0 4 2 1 0 0 0 =8
0 4 3 0 0 0 0 =46
0 4 3 0 1 0 0 =1
0 4 3 1 0 0 0 =1
0 4 4 0 0 0 0 =2
0 4 4 0 0 0 1 =1
0 4 4 1 0 0 0 =1
0 5 0 0 0 0 0 =54384
0 5 0 0 0 0 1 =6
0 5 0 0 0 1 0 =187
0 5 0 0 0 2 0 =1
0 5 0 0 1 0 0 =5
0 5 0 0 2 0 0 =1
0 5 0 1 0 0 0 =2
0 5 1 0 0 0 0 =1592
0 5 1 0 0 0 1 =6
0 5 1 0 0 1 0 =6
0 5 1 0 1 0 0 =5
0 5 1 1 0 0 0 =3
0 5 2 0 0 0 0 =375
0 5 2 0 0 0 1 =2
0 5 2 0 0 1 0 =2
0 5 2 0 1 0 0 =2
0 5 2 1 0 0 0 =1
0 5 3 0 0 0 0 =23
0 6 0 0 0 0 0 =17562
0 6 0 0 0 0 1 =3
0 6 0 0 0 1 0 =58
0 6 0 0 1 0 0 =3
0 6 0 1 0 0 0 =1
0 6 1 0 0 0 0 =427
0 6 1 0 0 0 1 =2
0 6 1 1 0 0 0 =1
0 6 2 0 0 0 0 =129
0 6 2 0 0 0 1 =1
0 6 2 0 0 1 0 =1
0 6 2 0 1 0 0 =2
0 6 2 1 0 0 0 =1
0 6 3 0 0 0 0 =6
0 7 0 0 0 0 0 =4756
0 7 0 0 0 1 0 =14
0 7 1 0 0 0 0 =128
0 7 1 0 0 1 0 =2
0 7 2 0 0 0 0 =35
0 7 3 0 0 0 0 =1
0 7 4 0 0 0 0 =1
0 8 0 0 0 0 0 =1232
0 8 0 0 0 1 0 =3
0 8 0 1 0 0 0 =1
0 8 1 0 0 0 0 =36
0 8 2 0 0 0 0 =9
0 8 4 0 0 0 0 =1
0 9 0 0 0 0 0 =291
0 9 0 0 0 1 0 =1
0 9 1 0 0 0 0 =15
0 9 2 0 0 0 0 =4
1 0 0 0 0 0 0 =18
1 0 1 0 0 0 0 =13
1 0 1 0 0 1 0 =1
1 0 2 0 0 0 0 =7
1 0 3 0 0 0 0 =1
1 1 0 0 0 0 0 =349
1 1 0 0 0 0 1 =1
1 1 0 0 0 1 0 =1
1 1 0 1 0 0 0 =1
1 1 1 0 0 0 0 =23
1 1 2 0 0 0 0 =10
1 2 0 0 0 0 0 =426
1 2 0 0 0 0 1 =1
1 2 0 0 0 1 0 =3
1 2 0 1 0 0 0 =2
1 2 1 0 0 0 0 =17
1 2 2 0 0 0 0 =8
1 2 2 1 0 0 0 =2
1 2 4 1 0 0 0 =1
1 3 0 0 0 0 0 =292
1 3 0 0 0 1 0 =2
1 3 1 0 0 0 0 =11
1 3 2 0 0 0 0 =4
1 4 0 0 0 0 0 =118
1 4 0 0 0 1 0 =1
1 4 1 0 0 0 0 =1
1 4 2 0 0 0 0 =2
1 5 0 0 0 0 0 =61
1 5 0 1 0 0 0 =1
1 5 1 0 0 0 0 =4
1 5 2 0 0 0 0 =1
1 5 2 0 0 1 1 =1
1 6 0 0 0 0 0 =12
1 7 0 0 0 0 0 =7
1 8 0 0 0 0 0 =1
