0 0 0 0 0 0 0 =9619
0 0 0 0 0 0 1 =11
0 0 0 0 0 1 0 =94
0 0 0 0 0 1 1 =1
0 0 0 0 1 0 0 =8
0 0 0 1 0 0 0 =9
0 0 0 2 0 0 0 =2
0 0 1 0 0 0 0 =3852
0 0 1 0 0 0 1 =4
0 0 1 0 0 1 0 =22
0 0 1 0 1 0 0 =9
0 0 1 0 2 0 0 =1
0 0 1 1 0 0 0 =17
0 0 2 0 0 0 0 =3005
0 0 2 0 0 0 1 =3
0 0 2 0 0 1 0 =13
0 0 2 0 1 0 0 =11
0 0 2 0 1 0 1 =2
0 0 2 1 0 0 0 =8
0 0 2 1 0 0 1 =2
0 0 2 2 0 0 0 =2
0 0 3 0 0 0 0 =315
0 0 3 0 0 1 0 =2
0 0 3 0 1 0 0 =2
0 0 3 1 0 0 0 =3
0 0 4 0 0 0 0 =43
0 0 4 0 0 1 0 =1
0 0 4 0 1 0 0 =1
0 1 0 0 0 0 0 =106684
0 1 0 0 0 0 1 =65
0 1 0 0 0 0 2 =7
0 1 0 0 0 1 0 =653
0 1 0 0 0 2 0 =4
0 1 0 0 1 0 0 =50
0 1 0 0 1 1 0 =1
0 1 0 0 2 0 0 =3
0 1 0 1 0 0 0 =38
0 1 0 1 0 1 0 =1
0 1 0 2 0 0 0 =3
0 1 0 2 0 1 0 =1
0 1 1 0 0 0 0 =16950
0 1 1 0 0 0 1 =27
0 1 1 0 0 1 0 =76
0 1 1 0 0 2 0 =1
0 1 1 0 1 0 0 =52
0 1 1 0 1 1 0 =1
0 1 1 0 2 0 0 =1
0 1 1 1 0 0 0 =55
0 1 2 0 0 0 0 =7144
0 1 2 0 0 0 1 =8
0 1 2 0 0 1 0 =35
0 1 2 0 1 0 0 =29
0 1 2 0 2 0 0 =1
0 1 2 1 0 0 0 =26
0 1 2 1 1 0 0 =1
0 1 3 0 0 0 0 =461
0 1 3 0 0 0 1 =1
0 1 3 0 1 0 0 =4
0 1 3 1 0 0 0 =1
0 1 4 0 0 0 0 =45
0 1 4 0 1 0 0 =1
0 1 5 0 0 0 0 =1
0 1 6 0 0 0 0 =1
0 10 0 0 0 0 0 =66
0 10 1 0 0 0 0 =1
0 11 0 0 0 0 0 =8
0 11 1 0 0 0 0 =2
0 12 0 0 0 0 0 =6
0 13 0 0 0 0 0 =1
0 2 0 0 0 0 0 =313287
0 2 0 0 0 0 1 =58
0 2 0 0 0 0 2 =3
0 2 0 0 0 1 0 =1100
0 2 0 0 0 2 0 =2
0 2 0 0 1 0 0 =55
0 2 0 0 1 1 0 =1
0 2 0 0 2 0 0 =1
0 2 0 1 0 0 0 =43
0 2 0 1 0 0 1 =1
0 2 0 1 0 1 0 =1
0 2 0 2 0 0 0 =3
0 2 1 0 0 0 0 =16488
0 2 1 0 0 0 1 =13
0 2 1 0 0 1 0 =49
0 2 1 0 1 0 0 =50
0 2 1 1 0 0 0 =45
0 2 1 1 1 0 0 =1
0 2 1 2 0 0 0 =1
0 2 2 0 0 0 0 =5548
0 2 2 0 0 0 1 =11
0 2 2 0 0 1 0 =23
0 2 2 0 0 1 1 =1
0 2 2 0 1 0 0 =31
0 2 2 1 0 0 0 =17
0 2 3 0 0 0 0 =349
0 2 3 0 0 0 1 =2
0 2 3 0 0 1 0 =2
0 2 3 0 1 0 0 =2
0 2 4 0 0 0 0 =26
0 2 5 0 0 0 0 =2
0 3 0 0 0 0 0 =267690
0 3 0 0 0 0 1 =22
0 3 0 0 0 0 2 =1
0 3 0 0 0 1 0 =896
0 3 0 0 0 2 0 =2
0 3 0 0 1 0 0 =24
0 3 0 0 1 1 0 =1
0 3 0 0 2 0 0 =2
0 3 0 1 0 0 0 =27
0 3 0 2 0 0 0 =2
0 3 1 0 0 0 0 =9491
0 3 1 0 0 0 1 =10
0 3 1 0 0 1 0 =37
0 3 1 0 1 0 0 =29
0 3 1 1 0 0 0 =25
0 3 2 0 0 0 0 =2772
0 3 2 0 0 0 1 =9
0 3 2 0 0 1 0 =11
0 3 2 0 1 0 0 =18
0 3 2 1 0 0 0 =16
0 3 3 0 0 0 0 =151
0 3 3 0 1 0 0 =1
0 3 4 0 0 0 0 =7
0 3 4 0 0 1 0 =1
0 3 4 1 0 0 0 =1
0 3 5 0 0 0 0 =2
0 4 0 0 0 0 0 =140177
0 4 0 0 0 0 1 =19
0 4 0 0 0 0 2 =1
0 4 0 0 0 1 0 =461
0 4 0 0 0 2 0 =4
0 4 0 0 1 0 0 =16
0 4 0 1 0 0 0 =7
0 4 1 0 0 0 0 =4254
0 4 1 0 0 0 1 =3
0 4 1 0 0 1 0 =20
0 4 1 0 1 0 0 =12
0 4 1 1 0 0 0 =16
0 4 2 0 0 0 0 =1107
0 4 2 0 0 0 1 =4
0 4 2 0 0 1 0 =5
0 4 2 0 1 0 0 =9
0 4 2 0 1 0 1 =1
0 4 2 1 0 0 0 =2
0 4 3 0 0 0 0 =47
0 4 3 1 0 0 0 =1
0 4 4 0 0 0 0 =6
0 4 5 0 0 0 0 =1
0 5 0 0 0 0 0 =54263
0 5 0 0 0 0 1 =7
0 5 0 0 0 1 0 =175
0 5 0 0 1 0 0 =4
0 5 0 1 0 0 0 =5
0 5 1 0 0 0 0 =1444
0 5 1 0 0 0 1 =1
0 5 1 0 0 1 0 =4
0 5 1 0 1 0 0 =5
0 5 1 1 0 0 0 =2
0 5 2 0 0 0 0 =416
0 5 2 0 0 0 1 =2
0 5 2 0 1 0 0 =3
0 5 2 1 0 0 0 =2
0 5 3 0 0 0 0 =12
0 5 4 0 0 0 0 =2
0 6 0 0 0 0 0 =17258
0 6 0 0 0 0 1 =3
0 6 0 0 0 1 0 =82
0 6 0 0 1 0 0 =2
0 6 0 1 0 0 0 =2
0 6 1 0 0 0 0 =441
0 6 1 0 0 1 0 =3
0 6 1 0 1 0 0 =1
0 6 1 1 0 0 0 =1
0 6 2 0 0 0 0 =117
0 6 2 0 0 1 0 =1
0 6 3 0 0 0 0 =7
0 6 4 0 0 0 0 =1
0 7 0 0 0 0 0 =4822
0 7 0 0 0 0 1 =1
0 7 0 0 0 1 0 =15
0 7 0 0 1 0 0 =1
0 7 1 0 0 0 0 =151
0 7 1 0 0 0 1 =1
0 7 1 0 0 1 0 =1
0 7 2 0 0 0 0 =25
0 7 3 0 0 0 0 =2
0 8 0 0 0 0 0 =1230
0 8 0 0 0 1 0 =7
0 8 1 0 0 0 0 =35
0 8 1 0 0 1 0 =1
0 8 1 0 1 0 0 =1
0 8 1 1 0 0 0 =1
0 8 2 0 0 0 0 =4
0 9 0 0 0 0 0 =288
0 9 0 0 0 1 0 =2
0 9 1 0 0 0 0 =8
0 9 2 0 0 0 0 =4
1 0 0 0 0 0 0 =14
1 0 1 0 0 0 0 =10
1 0 1 0 0 1 0 =1
1 0 2 0 0 0 0 =2
1 1 0 0 0 0 0 =349
1 1 0 0 0 0 2 =1
1 1 0 0 0 1 0 =3
1 1 0 0 0 2 0 =1
1 1 1 0 0 0 0 =15
1 1 2 0 0 0 0 =8
1 10 0 0 0 0 0 =1
1 2 0 0 0 0 0 =452
1 2 0 0 0 1 0 =3
1 2 0 0 1 0 0 =1
1 2 1 0 0 0 0 =25
1 2 2 0 0 0 0 =6
1 2 3 0 0 0 0 =2
1 3 0 0 0 0 0 =261
1 3 0 0 0 0 1 =1
1 3 0 0 0 1 0 =3
1 3 0 0 1 0 0 =2
1 3 0 1 0 0 0 =1
1 3 1 0 0 0 0 =7
1 3 2 0 0 0 0 =4
1 4 0 0 0 0 0 =134
1 4 0 0 0 1 0 =2
1 4 1 0 0 0 0 =4
1 4 2 0 0 0 0 =1
1 5 0 0 0 0 0 =57
1 5 1 0 0 0 0 =3
1 5 2 0 0 1 0 =1
1 6 0 0 0 0 0 =14
1 6 1 0 0 0 0 =1
1 7 0 0 0 0 0 =8
1 8 0 0 0 0 0 =2
