0 0 0 0 0 0 0 =9817
0 0 0 0 0 0 1 =16
0 0 0 0 0 1 0 =76
0 0 0 0 0 2 0 =2
0 0 0 0 1 0 0 =15
0 0 0 0 2 0 0 =1
0 0 0 1 0 0 0 =12
0 0 0 2 0 0 0 =2
0 0 1 0 0 0 0 =3750
0 0 1 0 0 0 1 =7
0 0 1 0 0 1 0 =16
0 0 1 0 1 0 0 =22
0 0 1 0 1 0 1 =1
0 0 1 1 0 0 0 =12
0 0 2 0 0 0 0 =3071
0 0 2 0 0 0 1 =3
0 0 2 0 0 1 0 =9
0 0 2 0 1 0 0 =9
0 0 2 0 1 0 1 =1
0 0 2 1 0 0 0 =9
0 0 2 1 0 0 1 =1
0 0 2 1 1 0 0 =2
0 0 2 2 0 0 0 =2
0 0 3 0 0 0 0 =321
0 0 3 0 0 1 0 =3
0 0 3 0 1 0 0 =2
0 0 3 1 0 0 0 =1
0 0 4 0 0 0 0 =40
0 0 4 1 0 0 1 =1
0 0 5 0 0 0 0 =7
0 0 6 0 0 0 0 =1
0 1 0 0 0 0 0 =105789
0 1 0 0 0 0 1 =64
0 1 0 0 0 0 2 =2
0 1 0 0 0 1 0 =617
0 1 0 0 0 1 1 =1
0 1 0 0 0 2 0 =6
0 1 0 0 1 0 0 =57
0 1 0 0 2 0 0 =7
0 1 0 1 0 0 0 =55
0 1 0 1 0 1 0 =2
0 1 0 2 0 0 0 =1
0 1 1 0 0 0 0 =16883
0 1 1 0 0 0 1 =28
0 1 1 0 0 1 0 =60
0 1 1 0 1 0 0 =60
0 1 1 1 0 0 0 =66
0 1 1 1 0 1 0 =1
0 1 2 0 0 0 0 =7002
0 1 2 0 0 0 1 =12
0 1 2 0 0 1 0 =22
0 1 2 0 1 0 0 =30
0 1 2 0 1 0 1 =2
0 1 2 1 0 0 0 =34
0 1 2 2 0 0 0 =1
0 1 3 0 0 0 0 =473
0 1 3 0 0 0 1 =2
0 1 3 0 0 1 0 =2
0 1 3 0 1 0 0 =4
0 1 4 0 0 0 0 =44
0 1 4 1 0 0 0 =1
0 1 5 0 0 0 0 =2
0 10 0 0 0 0 0 =61
0 10 0 0 0 1 0 =1
0 10 1 0 0 0 0 =3
0 10 2 0 0 0 0 =3
0 11 0 0 0 0 0 =7
0 11 1 0 0 0 0 =1
0 12 0 0 0 0 0 =3
0 13 0 0 0 0 0 =1
0 2 0 0 0 0 0 =313457
0 2 0 0 0 0 1 =60
0 2 0 0 0 0 2 =2
0 2 0 0 0 1 0 =1084
0 2 0 0 0 1 1 =1
0 2 0 0 0 2 0 =2
0 2 0 0 1 0 0 =53
0 2 0 0 1 1 0 =1
0 2 0 0 2 0 0 =5
0 2 0 1 0 0 0 =66
0 2 0 1 0 1 0 =1
0 2 0 2 0 0 0 =2
0 2 1 0 0 0 0 =16316
0 2 1 0 0 0 1 =19
0 2 1 0 0 1 0 =59
0 2 1 0 0 2 0 =1
0 2 1 0 1 0 0 =56
0 2 1 1 0 0 0 =57
0 2 1 2 0 0 0 =1
0 2 2 0 0 0 0 =5582
0 2 2 0 0 0 1 =12
0 2 2 0 0 1 0 =22
0 2 2 0 1 0 0 =21
0 2 2 0 1 0 1 =1
0 2 2 1 0 0 0 =29
0 2 3 0 0 0 0 =297
0 2 3 0 0 0 1 =1
0 2 3 0 1 0 0 =1
0 2 3 1 0 0 0 =2
0 2 3 1 0 1 0 =1
0 2 4 0 0 0 0 =27
0 3 0 0 0 0 0 =268021
0 3 0 0 0 0 1 =31
0 3 0 0 0 1 0 =853
0 3 0 0 0 1 1 =2
0 3 0 0 0 2 0 =5
0 3 0 0 1 0 0 =28
0 3 0 0 2 0 0 =1
0 3 0 1 0 0 0 =22
0 3 1 0 0 0 0 =9619
0 3 1 0 0 0 1 =13
0 3 1 0 0 1 0 =27
0 3 1 0 1 0 0 =39
0 3 1 0 1 0 1 =1
0 3 1 1 0 0 0 =28
0 3 1 1 0 1 0 =1
0 3 1 1 1 0 0 =1
0 3 2 0 0 0 0 =2767
0 3 2 0 0 0 1 =11
0 3 2 0 0 1 0 =9
0 3 2 0 1 0 0 =19
0 3 2 1 0 0 0 =12
0 3 3 0 0 0 0 =146
0 3 3 0 0 1 0 =2
0 3 4 0 0 0 0 =17
0 3 4 0 0 0 1 =1
0 4 0 0 0 0 0 =140457
0 4 0 0 0 0 1 =25
0 4 0 0 0 1 0 =451
0 4 0 0 1 0 0 =4
0 4 0 1 0 0 0 =5
0 4 1 0 0 0 0 =4081
0 4 1 0 0 0 1 =6
0 4 1 0 0 1 0 =22
0 4 1 0 1 0 0 =13
0 4 1 0 1 0 1 =1
0 4 1 0 1 1 0 =1
0 4 1 1 0 0 0 =10
0 4 2 0 0 0 0 =1108
0 4 2 0 0 0 1 =5
0 4 2 0 0 1 0 =2
0 4 2 0 1 0 0 =5
0 4 2 1 0 0 0 =6
0 4 3 0 0 0 0 =62
0 4 3 0 0 0 1 =2
0 4 3 0 0 1 0 =1
0 4 4 0 0 0 0 =8
0 5 0 0 0 0 0 =54503
0 5 0 0 0 0 1 =3
0 5 0 0 0 1 0 =175
0 5 0 0 0 2 0 =1
0 5 0 0 1 0 0 =4
0 5 0 1 0 0 0 =4
0 5 1 0 0 0 0 =1482
0 5 1 0 0 0 1 =1
0 5 1 0 0 1 0 =6
0 5 1 0 1 0 0 =3
0 5 1 1 0 0 0 =6
0 5 1 1 0 1 0 =1
0 5 2 0 0 0 0 =392
0 5 2 0 0 1 0 =2
0 5 2 0 1 0 0 =1
0 5 2 1 0 0 0 =2
0 5 3 0 0 0 0 =22
0 5 3 0 1 0 0 =1
0 5 4 0 0 0 0 =3
0 6 0 0 0 0 0 =17249
0 6 0 0 0 0 1 =2
0 6 0 0 0 1 0 =68
0 6 0 0 0 2 0 =1
0 6 0 0 1 0 0 =2
0 6 0 1 0 0 0 =2
0 6 1 0 0 0 0 =443
0 6 1 0 0 0 1 =1
0 6 1 0 0 1 0 =1
0 6 1 0 1 0 0 =3
0 6 1 1 0 0 0 =2
0 6 2 0 0 0 0 =120
0 6 2 0 0 0 1 =1
0 6 2 0 0 1 0 =2
0 6 2 0 1 0 0 =3
0 6 2 1 0 0 0 =2
0 6 2 2 0 0 0 =1
0 6 3 0 0 0 0 =5
0 6 4 0 0 0 0 =1
0 7 0 0 0 0 0 =4831
0 7 0 0 0 1 0 =11
0 7 0 0 1 0 0 =2
0 7 0 1 0 0 0 =1
0 7 1 0 0 0 0 =132
0 7 1 1 0 0 0 =1
0 7 2 0 0 0 0 =28
0 7 2 0 0 1 0 =1
0 7 3 0 0 0 0 =4
0 8 0 0 0 0 0 =1297
0 8 0 0 0 1 0 =6
0 8 1 0 0 0 0 =42
0 8 2 0 0 0 0 =16
0 8 3 0 0 0 0 =2
0 9 0 0 0 0 0 =325
0 9 0 0 0 1 0 =1
0 9 1 0 0 0 0 =12
1 0 0 0 0 0 0 =11
1 0 1 0 0 0 0 =10
1 0 1 0 0 0 1 =1
1 0 2 0 0 0 0 =6
1 0 3 0 0 0 0 =1
1 1 0 0 0 0 0 =337
1 1 0 0 1 0 0 =1
1 1 0 1 0 0 0 =1
1 1 1 0 0 0 0 =11
1 1 1 1 0 0 0 =1
1 1 2 0 0 0 0 =9
1 1 2 1 0 0 0 =1
1 10 0 0 0 0 0 =1
1 2 0 0 0 0 0 =428
1 2 0 0 0 0 1 =1
1 2 0 0 0 1 0 =2
1 2 1 0 0 0 0 =16
1 2 2 0 0 0 0 =3
1 3 0 0 0 0 0 =262
1 3 0 0 0 1 0 =5
1 3 0 0 1 0 0 =1
1 3 1 0 0 0 0 =8
1 3 2 0 0 0 0 =3
1 4 0 0 0 0 0 =125
1 4 0 0 0 0 1 =1
1 4 1 0 0 0 0 =1
1 4 2 0 0 0 0 =2
1 5 0 0 0 0 0 =65
1 5 1 0 0 0 0 =1
1 6 0 0 0 0 0 =24
1 7 0 0 0 0 0 =7
