0 0 0 0 0 0 0 =9783
0 0 0 0 0 0 1 =19
0 0 0 0 0 0 2 =1
0 0 0 0 0 1 0 =80
0 0 0 0 0 1 1 =1
0 0 0 0 1 0 0 =9
0 0 0 1 0 0 0 =10
0 0 0 2 0 0 0 =1
0 0 1 0 0 0 0 =3841
0 0 1 0 0 0 1 =5
0 0 1 0 0 1 0 =24
0 0 1 0 1 0 0 =14
0 0 1 0 1 0 1 =1
0 0 1 1 0 0 0 =17
0 0 1 1 0 1 0 =1
0 0 1 1 1 0 0 =2
0 0 1 2 0 0 0 =1
0 0 2 0 0 0 0 =3111
0 0 2 0 0 0 1 =4
0 0 2 0 0 1 0 =11
0 0 2 0 1 0 0 =5
0 0 2 0 1 0 1 =2
0 0 2 1 0 0 0 =6
0 0 2 1 1 0 0 =1
0 0 2 2 0 0 0 =1
0 0 3 0 0 0 0 =338
0 0 3 0 0 0 1 =1
0 0 3 0 0 1 0 =1
0 0 3 0 1 0 0 =1
0 0 3 1 0 0 0 =3
0 0 4 0 0 0 0 =53
0 0 4 1 0 0 0 =1
0 0 5 0 0 0 0 =2
0 1 0 0 0 0 0 =105868
0 1 0 0 0 0 1 =54
0 1 0 0 0 0 2 =6
0 1 0 0 0 1 0 =623
0 1 0 0 0 1 1 =1
0 1 0 0 0 2 0 =4
0 1 0 0 1 0 0 =43
0 1 0 0 2 0 0 =1
0 1 0 1 0 0 0 =62
0 1 0 1 1 0 0 =1
0 1 0 2 0 0 0 =8
0 1 1 0 0 0 0 =17140
0 1 1 0 0 0 1 =30
0 1 1 0 0 0 2 =1
0 1 1 0 0 1 0 =55
0 1 1 0 1 0 0 =50
0 1 1 0 1 0 1 =1
0 1 1 0 1 1 0 =1
0 1 1 1 0 0 0 =51
0 1 2 0 0 0 0 =7069
0 1 2 0 0 0 1 =12
0 1 2 0 0 1 0 =13
0 1 2 0 1 0 0 =30
0 1 2 0 1 0 1 =1
0 1 2 0 2 0 0 =1
0 1 2 1 0 0 0 =24
0 1 2 1 0 0 1 =1
0 1 2 1 1 0 0 =1
0 1 3 0 0 0 0 =486
0 1 3 0 0 0 1 =1
0 1 3 0 0 1 0 =2
0 1 3 0 1 0 0 =2
0 1 3 1 0 0 0 =4
0 1 3 1 0 0 1 =1
0 1 4 0 0 0 0 =50
0 1 5 0 0 0 0 =6
0 10 0 0 0 0 0 =61
0 10 1 0 0 0 0 =3
0 10 2 0 0 0 0 =1
0 11 0 0 0 0 0 =25
0 11 1 0 0 0 0 =1
0 12 0 0 0 0 0 =4
0 13 1 0 0 0 0 =1
0 2 0 0 0 0 0 =313340
0 2 0 0 0 0 1 =70
0 2 0 0 0 0 2 =2
0 2 0 0 0 1 0 =1097
0 2 0 0 0 2 0 =9
0 2 0 0 1 0 0 =59
0 2 0 0 2 0 0 =1
0 2 0 1 0 0 0 =38
0 2 0 1 0 1 0 =2
0 2 0 2 0 0 0 =2
0 2 0 2 0 1 0 =1
0 2 1 0 0 0 0 =16275
0 2 1 0 0 0 1 =31
0 2 1 0 0 1 0 =55
0 2 1 0 0 2 0 =1
0 2 1 0 1 0 0 =51
0 2 1 1 0 0 0 =54
0 2 1 1 0 0 1 =1
0 2 2 0 0 0 0 =5685
0 2 2 0 0 0 1 =11
0 2 2 0 0 1 0 =23
0 2 2 0 0 2 0 =1
0 2 2 0 1 0 0 =24
0 2 2 0 1 1 0 =1
0 2 2 1 0 0 0 =18
0 2 2 1 1 0 0 =1
0 2 3 0 0 0 0 =341
0 2 3 0 0 0 1 =2
0 2 3 0 0 1 0 =1
0 2 3 0 1 0 0 =1
0 2 4 0 0 0 0 =31
0 2 5 0 0 0 0 =3
0 3 0 0 0 0 0 =267808
0 3 0 0 0 0 1 =36
0 3 0 0 0 0 2 =1
0 3 0 0 0 1 0 =835
0 3 0 0 0 2 0 =2
0 3 0 0 1 0 0 =28
0 3 0 0 1 1 0 =1
0 3 0 0 2 0 0 =1
0 3 0 1 0 0 0 =31
0 3 0 1 0 1 0 =1
0 3 0 2 0 0 0 =2
0 3 1 0 0 0 0 =9580
0 3 1 0 0 0 1 =15
0 3 1 0 0 1 0 =33
0 3 1 0 1 0 0 =27
0 3 1 0 1 0 1 =1
0 3 1 1 0 0 0 =28
0 3 1 1 0 1 0 =1
0 3 2 0 0 0 0 =2878
0 3 2 0 0 0 1 =9
0 3 2 0 0 1 0 =11
0 3 2 0 1 0 0 =7
0 3 2 1 0 0 0 =17
0 3 3 0 0 0 0 =167
0 3 3 0 0 0 1 =1
0 3 3 0 0 1 0 =1
0 3 3 0 1 0 0 =2
0 3 3 1 0 0 0 =1
0 3 4 0 0 0 0 =20
0 3 5 0 0 0 0 =1
0 4 0 0 0 0 0 =140373
0 4 0 0 0 0 1 =24
0 4 0 0 0 0 2 =1
0 4 0 0 0 1 0 =454
0 4 0 0 0 2 0 =2
0 4 0 0 1 0 0 =8
0 4 0 1 0 0 0 =9
0 4 0 2 0 0 0 =1
0 4 1 0 0 0 0 =4112
0 4 1 0 0 0 1 =7
0 4 1 0 0 1 0 =18
0 4 1 0 0 2 0 =2
0 4 1 0 1 0 0 =18
0 4 1 1 0 0 0 =14
0 4 2 0 0 0 0 =1099
0 4 2 0 0 0 1 =1
0 4 2 0 0 1 0 =3
0 4 2 0 1 0 0 =8
0 4 2 1 0 0 0 =4
0 4 3 0 0 0 0 =64
0 4 3 0 0 1 0 =1
0 4 4 0 0 0 0 =4
0 5 0 0 0 0 0 =54177
0 5 0 0 0 0 1 =6
0 5 0 0 0 1 0 =201
0 5 0 0 1 0 0 =2
0 5 0 1 0 0 0 =3
0 5 0 2 0 1 0 =1
0 5 1 0 0 0 0 =1535
0 5 1 0 0 0 1 =2
0 5 1 0 0 1 0 =6
0 5 1 0 1 0 0 =3
0 5 1 1 0 0 0 =3
0 5 2 0 0 0 0 =343
0 5 2 0 0 1 0 =1
0 5 2 0 1 0 0 =1
0 5 3 0 0 0 0 =20
0 5 4 0 0 0 0 =2
0 6 0 0 0 0 0 =17212
0 6 0 0 0 0 1 =5
0 6 0 0 0 0 2 =1
0 6 0 0 0 1 0 =72
0 6 0 0 1 0 0 =1
0 6 1 0 0 0 0 =470
0 6 1 0 0 1 0 =1
0 6 1 1 0 0 0 =1
0 6 2 0 0 0 0 =110
0 6 2 0 1 0 0 =1
0 6 2 1 0 0 0 =1
0 6 3 0 0 0 0 =5
0 6 3 0 0 0 1 =1
0 6 4 0 0 0 0 =1
0 6 5 0 0 0 0 =1
0 7 0 0 0 0 0 =4876
0 7 0 0 0 1 0 =19
0 7 1 0 0 0 0 =121
0 7 1 0 1 0 0 =2
0 7 2 0 0 0 0 =22
0 7 3 0 0 0 0 =2
0 8 0 0 0 0 0 =1207
0 8 0 0 0 1 0 =3
0 8 1 0 0 0 0 =42
0 8 1 0 1 0 0 =1
0 8 2 0 0 0 0 =12
0 9 0 0 0 0 0 =313
0 9 1 0 0 0 0 =4
0 9 2 0 0 0 0 =3
1 0 0 0 0 0 0 =24
1 0 1 0 0 0 0 =6
1 0 2 0 0 0 0 =7
1 1 0 0 0 0 0 =365
1 1 0 0 0 0 1 =1
1 1 0 0 0 1 0 =3
1 1 0 0 1 0 0 =1
1 1 1 0 0 0 0 =13
1 1 2 0 0 0 0 =5
1 1 4 0 0 0 0 =1
1 2 0 0 0 0 0 =443
1 2 0 0 0 1 0 =3
1 2 0 0 1 0 0 =1
1 2 0 1 0 0 0 =2
1 2 1 0 0 0 0 =14
1 2 1 1 0 0 0 =2
1 2 2 0 0 0 0 =5
1 2 2 1 0 0 0 =1
1 3 0 0 0 0 0 =276
1 3 0 0 0 0 1 =3
1 3 0 0 0 1 0 =1
1 3 0 0 1 0 0 =1
1 3 1 0 0 0 0 =10
1 3 2 0 0 0 0 =1
1 4 0 0 0 0 0 =114
1 4 1 0 0 0 0 =3
1 4 2 0 0 0 0 =2
1 5 0 0 0 0 0 =53
1 5 1 0 0 0 0 =3
1 6 0 0 0 0 0 =16
1 7 0 0 0 0 0 =3
1 8 0 0 0 0 0 =2
1 8 0 0 0 1 0 =1
1 9 0 0 0 0 0 =1
