0 0 0 0 0 0 0 =9622
0 0 0 0 0 0 1 =10
0 0 0 0 0 1 0 =91
0 0 0 0 0 1 1 =1
0 0 0 0 1 0 0 =9
0 0 0 1 0 0 0 =2
0 0 0 2 0 0 0 =1
0 0 1 0 0 0 0 =3887
0 0 1 0 0 0 1 =9
0 0 1 0 0 0 2 =1
0 0 1 0 0 1 0 =23
0 0 1 0 1 0 0 =5
0 0 1 1 0 0 0 =16
0 0 2 0 0 0 0 =3095
0 0 2 0 0 0 1 =7
0 0 2 0 0 0 2 =1
0 0 2 0 0 1 0 =14
0 0 2 0 1 0 0 =16
0 0 2 1 0 0 0 =11
0 0 3 0 0 0 0 =322
0 0 3 0 0 1 0 =1
0 0 3 0 1 0 0 =1
0 0 3 1 0 0 0 =2
0 0 4 0 0 0 0 =35
0 0 5 0 0 0 0 =2
0 1 0 0 0 0 0 =106363
0 1 0 0 0 0 1 =61
0 1 0 0 0 0 2 =3
0 1 0 0 0 1 0 =613
0 1 0 0 0 2 0 =1
0 1 0 0 1 0 0 =63
0 1 0 0 1 1 0 =2
0 1 0 0 2 0 0 =8
0 1 0 1 0 0 0 =58
0 1 0 2 0 0 0 =2
0 1 1 0 0 0 0 =17023
0 1 1 0 0 0 1 =29
0 1 1 0 0 1 0 =79
0 1 1 0 1 0 0 =47
0 1 1 1 0 0 0 =56
0 1 1 1 1 0 0 =1
0 1 2 0 0 0 0 =7049
0 1 2 0 0 0 1 =17
0 1 2 0 0 0 2 =1
0 1 2 0 0 1 0 =22
0 1 2 0 1 0 0 =26
0 1 2 1 0 0 0 =29
0 1 2 1 1 0 0 =1
0 1 2 2 0 0 0 =1
0 1 3 0 0 0 0 =508
0 1 3 0 1 0 0 =4
0 1 3 1 0 0 0 =4
0 1 4 0 0 0 0 =56
0 1 4 0 1 0 0 =1
0 1 5 0 0 0 0 =3
0 10 0 0 0 0 0 =72
0 10 1 0 0 0 0 =3
0 11 0 0 0 0 0 =17
0 11 1 0 0 0 0 =2
0 12 0 0 0 0 0 =6
0 13 0 0 0 0 0 =2
0 2 0 0 0 0 0 =313638
0 2 0 0 0 0 1 =45
0 2 0 0 0 0 2 =2
0 2 0 0 0 1 0 =1195
0 2 0 0 0 2 0 =4
0 2 0 0 1 0 0 =41
0 2 0 0 1 1 0 =1
0 2 0 0 2 0 0 =2
0 2 0 1 0 0 0 =51
0 2 0 1 1 0 0 =1
0 2 0 2 0 0 0 =3
0 2 1 0 0 0 0 =16223
0 2 1 0 0 0 1 =28
0 2 1 0 0 1 0 =62
0 2 1 0 1 0 0 =60
0 2 1 1 0 0 0 =43
0 2 2 0 0 0 0 =5609
0 2 2 0 0 0 1 =13
0 2 2 0 0 1 0 =23
0 2 2 0 1 0 0 =17
0 2 2 1 0 0 0 =18
0 2 2 1 0 0 1 =1
0 2 2 2 0 0 0 =1
0 2 3 0 0 0 0 =318
0 2 3 0 0 0 1 =1
0 2 3 0 0 1 0 =1
0 2 3 1 0 0 0 =2
0 2 4 0 0 0 0 =27
0 2 4 0 0 1 0 =1
0 2 6 0 0 0 0 =1
0 3 0 0 0 0 0 =267989
0 3 0 0 0 0 1 =38
0 3 0 0 0 0 2 =1
0 3 0 0 0 1 0 =932
0 3 0 0 0 2 0 =2
0 3 0 0 1 0 0 =29
0 3 0 0 1 2 0 =1
0 3 0 0 2 0 0 =1
0 3 0 1 0 0 0 =26
0 3 1 0 0 0 0 =9638
0 3 1 0 0 0 1 =19
0 3 1 0 0 1 0 =31
0 3 1 0 1 0 0 =30
0 3 1 1 0 0 0 =27
0 3 1 1 0 1 0 =1
0 3 2 0 0 0 0 =2865
0 3 2 0 0 0 1 =10
0 3 2 0 0 1 0 =13
0 3 2 0 0 1 1 =1
0 3 2 0 1 0 0 =16
0 3 2 1 0 0 0 =20
0 3 3 0 0 0 0 =169
0 3 3 0 0 0 1 =1
0 3 3 0 0 1 0 =1
0 3 4 0 0 0 0 =9
0 3 5 0 0 0 0 =2
0 4 0 0 0 0 0 =139199
0 4 0 0 0 0 1 =18
0 4 0 0 0 1 0 =431
0 4 0 0 0 2 0 =1
0 4 0 0 1 0 0 =10
0 4 0 1 0 0 0 =8
0 4 1 0 0 0 0 =4204
0 4 1 0 0 0 1 =4
0 4 1 0 0 0 2 =1
0 4 1 0 0 1 0 =14
0 4 1 0 1 0 0 =7
0 4 1 1 0 0 0 =6
0 4 2 0 0 0 0 =1116
0 4 2 0 0 0 1 =3
0 4 2 0 0 1 0 =10
0 4 2 0 1 0 0 =7
0 4 2 1 0 0 0 =4
0 4 3 0 0 0 0 =45
0 4 3 0 0 0 1 =1
0 4 3 0 1 0 0 =1
0 4 4 0 0 0 0 =7
0 5 0 0 0 0 0 =54529
0 5 0 0 0 0 1 =4
0 5 0 0 0 1 0 =192
0 5 0 0 0 2 0 =2
0 5 0 0 1 0 0 =1
0 5 0 1 0 0 0 =4
0 5 0 2 0 0 0 =1
0 5 1 0 0 0 0 =1493
0 5 1 0 0 0 1 =4
0 5 1 0 0 1 0 =3
0 5 1 0 1 0 0 =5
0 5 1 1 0 0 0 =2
0 5 2 0 0 0 0 =396
0 5 2 0 0 0 1 =4
0 5 2 0 0 1 0 =5
0 5 2 0 1 0 0 =4
0 5 2 1 0 0 0 =2
0 5 3 0 0 0 0 =21
0 6 0 0 0 0 0 =17307
0 6 0 0 0 0 1 =4
0 6 0 0 0 1 0 =52
0 6 0 0 1 0 0 =1
0 6 0 1 0 0 0 =1
0 6 1 0 0 0 0 =468
0 6 1 0 0 0 1 =1
0 6 1 0 0 1 0 =3
0 6 1 0 1 0 0 =1
0 6 2 0 0 0 0 =122
0 6 2 0 0 0 1 =1
0 6 2 0 0 1 0 =1
0 6 2 0 1 0 0 =2
0 6 2 1 0 0 0 =2
0 6 3 0 0 0 0 =6
0 6 3 0 1 0 0 =1
0 6 4 0 0 0 0 =1
0 6 5 0 0 0 0 =1
0 7 0 0 0 0 0 =4767
0 7 0 0 0 0 1 =1
0 7 0 0 0 1 0 =14
0 7 0 0 1 0 0 =1
0 7 1 0 0 0 0 =123
0 7 2 0 0 0 0 =31
0 7 2 0 1 0 0 =1
0 7 2 1 0 0 0 =1
0 7 3 0 0 0 0 =3
0 8 0 0 0 0 0 =1223
0 8 0 0 0 1 0 =1
0 8 1 0 0 0 0 =37
0 8 2 0 0 0 0 =6
0 9 0 0 0 0 0 =332
0 9 0 0 0 1 0 =1
0 9 1 0 0 0 0 =5
0 9 2 0 0 0 0 =1
1 0 0 0 0 0 0 =15
1 0 1 0 0 0 0 =7
1 0 2 0 0 0 0 =4
1 0 3 0 0 0 0 =2
1 1 0 0 0 0 0 =390
1 1 0 0 0 1 0 =2
1 1 0 0 1 0 0 =1
1 1 1 0 0 0 0 =9
1 1 2 0 0 0 0 =5
1 1 2 0 0 0 1 =1
1 1 3 0 0 0 0 =1
1 2 0 0 0 0 0 =431
1 2 0 0 0 0 1 =1
1 2 0 0 0 1 0 =2
1 2 0 1 0 0 0 =1
1 2 1 0 0 0 0 =13
1 2 2 0 0 0 0 =7
1 3 0 0 0 0 0 =267
1 3 0 0 0 0 1 =1
1 3 0 0 1 0 0 =1
1 3 1 0 0 0 0 =12
1 3 2 0 0 0 0 =5
1 3 2 1 0 0 0 =1
1 4 0 0 0 0 0 =137
1 4 0 0 0 0 1 =1
1 4 0 0 1 0 0 =1
1 4 1 0 0 0 0 =4
1 4 2 0 1 0 0 =1
1 5 0 0 0 0 0 =62
1 5 2 0 0 0 0 =1
1 6 0 0 0 0 0 =25
1 6 1 0 0 0 0 =1
1 7 0 0 0 0 0 =3
1 7 0 0 0 0 1 =1
1 9 0 0 0 0 0 =1
