0 0 0 0 0 0 0 =9755
0 0 0 0 0 0 1 =13
0 0 0 0 0 1 0 =76
0 0 0 0 0 2 0 =1
0 0 0 0 1 0 0 =8
0 0 0 0 2 0 0 =2
0 0 0 1 0 0 0 =12
0 0 0 2 0 0 0 =2
0 0 1 0 0 0 0 =3760
0 0 1 0 0 0 1 =6
0 0 1 0 0 1 0 =15
0 0 1 0 1 0 0 =12
0 0 1 0 2 0 0 =2
0 0 1 1 0 0 0 =10
0 0 1 1 1 0 0 =1
0 0 2 0 0 0 0 =3040
0 0 2 0 0 0 1 =4
0 0 2 0 0 1 0 =19
0 0 2 0 1 0 0 =11
0 0 2 0 1 0 1 =1
0 0 2 0 2 0 0 =2
0 0 2 1 0 0 0 =7
0 0 3 0 0 0 0 =328
0 0 3 0 0 1 0 =4
0 0 3 0 1 0 0 =4
0 0 3 1 0 0 0 =1
0 0 4 0 0 0 0 =33
0 0 5 0 0 0 0 =1
0 1 0 0 0 0 0 =105968
0 1 0 0 0 0 1 =66
0 1 0 0 0 0 2 =3
0 1 0 0 0 1 0 =633
0 1 0 0 0 1 1 =1
0 1 0 0 0 2 0 =3
0 1 0 0 1 0 0 =56
0 1 0 0 2 0 0 =6
0 1 0 1 0 0 0 =37
0 1 0 2 0 0 0 =7
0 1 1 0 0 0 0 =17274
0 1 1 0 0 0 1 =23
0 1 1 0 0 1 0 =66
0 1 1 0 1 0 0 =54
0 1 1 1 0 0 0 =62
0 1 1 1 0 0 1 =1
0 1 2 0 0 0 0 =7043
0 1 2 0 0 0 1 =11
0 1 2 0 0 0 2 =1
0 1 2 0 0 1 0 =26
0 1 2 0 1 0 0 =23
0 1 2 0 1 0 1 =1
0 1 2 1 0 0 0 =25
0 1 2 1 1 0 0 =1
0 1 2 2 0 0 0 =1
0 1 3 0 0 0 0 =457
0 1 3 0 0 1 0 =2
0 1 3 0 1 0 0 =1
0 1 4 0 0 0 0 =43
0 1 4 0 0 0 1 =1
0 1 6 0 0 0 0 =1
0 10 0 0 0 0 0 =78
0 10 0 0 0 1 0 =1
0 10 1 0 0 0 0 =4
0 10 2 0 0 0 0 =2
0 11 0 0 0 0 0 =15
0 12 0 0 0 0 0 =3
0 12 1 0 0 0 0 =1
0 13 0 0 0 0 0 =3
0 2 0 0 0 0 0 =312766
0 2 0 0 0 0 1 =66
0 2 0 0 0 0 2 =3
0 2 0 0 0 1 0 =1156
0 2 0 0 0 1 1 =2
0 2 0 0 0 2 0 =8
0 2 0 0 1 0 0 =39
0 2 0 0 1 0 1 =1
0 2 0 0 2 0 0 =2
0 2 0 1 0 0 0 =54
0 2 0 1 0 1 0 =1
0 2 0 1 1 0 0 =1
0 2 0 2 0 0 0 =3
0 2 1 0 0 0 0 =16065
0 2 1 0 0 0 1 =30
0 2 1 0 0 1 0 =66
0 2 1 0 0 1 1 =1
0 2 1 0 1 0 0 =44
0 2 1 1 0 0 0 =53
0 2 1 1 1 0 0 =1
0 2 2 0 0 0 0 =5614
0 2 2 0 0 0 1 =9
0 2 2 0 0 1 0 =15
0 2 2 0 1 0 0 =24
0 2 2 1 0 0 0 =23
0 2 2 1 1 0 0 =1
0 2 3 0 0 0 0 =352
0 2 3 0 0 0 1 =1
0 2 3 0 0 1 0 =1
0 2 3 0 1 0 0 =1
0 2 3 1 0 0 0 =2
0 2 4 0 0 0 0 =29
0 2 5 0 0 0 0 =1
0 3 0 0 0 0 0 =268314
0 3 0 0 0 0 1 =43
0 3 0 0 0 1 0 =872
0 3 0 0 0 2 0 =3
0 3 0 0 1 0 0 =22
0 3 0 0 2 0 0 =2
0 3 0 1 0 0 0 =19
0 3 0 1 0 1 0 =1
0 3 0 2 0 0 0 =2
0 3 1 0 0 0 0 =9496
0 3 1 0 0 0 1 =12
0 3 1 0 0 1 0 =33
0 3 1 0 0 1 1 =1
0 3 1 0 1 0 0 =41
0 3 1 1 0 0 0 =29
0 3 2 0 0 0 0 =2807
0 3 2 0 0 0 1 =10
0 3 2 0 0 1 0 =14
0 3 2 0 1 0 0 =13
0 3 2 0 1 1 0 =1
0 3 2 1 0 0 0 =10
0 3 3 0 0 0 0 =156
0 3 3 0 1 0 0 =1
0 3 3 1 0 0 0 =3
0 3 4 0 0 0 0 =11
0 3 4 0 1 0 0 =1
0 3 5 0 0 0 0 =1
0 4 0 0 0 0 0 =140313
0 4 0 0 0 0 1 =16
0 4 0 0 0 0 2 =1
0 4 0 0 0 1 0 =439
0 4 0 0 1 0 0 =4
0 4 0 0 2 0 0 =1
0 4 0 1 0 0 0 =7
0 4 1 0 0 0 0 =4196
0 4 1 0 0 0 1 =8
0 4 1 0 0 1 0 =11
0 4 1 0 1 0 0 =12
0 4 1 0 1 1 0 =1
0 4 1 1 0 0 0 =9
0 4 2 0 0 0 0 =1097
0 4 2 0 0 0 1 =2
0 4 2 0 0 1 0 =7
0 4 2 0 1 0 0 =8
0 4 2 1 0 0 0 =3
0 4 3 0 0 0 0 =70
0 4 4 0 0 0 0 =7
0 5 0 0 0 0 0 =54013
0 5 0 0 0 0 1 =5
0 5 0 0 0 1 0 =198
0 5 0 0 0 1 1 =1
0 5 0 0 1 0 0 =3
0 5 0 1 0 0 0 =5
0 5 1 0 0 0 0 =1502
0 5 1 0 0 0 1 =3
0 5 1 0 0 1 0 =7
0 5 1 0 1 0 0 =6
0 5 1 1 0 0 0 =4
0 5 2 0 0 0 0 =407
0 5 2 0 0 0 1 =3
0 5 2 0 0 1 0 =1
0 5 2 0 1 0 0 =2
0 5 2 1 0 0 0 =1
0 5 2 1 0 1 0 =1
0 5 3 0 0 0 0 =11
0 6 0 0 0 0 0 =17575
0 6 0 0 0 0 1 =1
0 6 0 0 0 1 0 =71
0 6 0 0 1 0 0 =1
0 6 1 0 0 0 0 =440
0 6 1 0 0 1 0 =1
0 6 1 0 1 0 0 =1
0 6 1 1 0 0 0 =1
0 6 2 0 0 0 0 =124
0 6 2 0 0 0 1 =2
0 6 2 0 0 1 0 =2
0 6 2 1 0 0 0 =1
0 6 3 0 0 0 0 =2
0 7 0 0 0 0 0 =4949
0 7 0 0 0 1 0 =18
0 7 0 0 1 0 0 =2
0 7 0 1 0 0 0 =1
0 7 1 0 0 0 0 =141
0 7 2 0 0 0 0 =31
0 7 3 0 0 0 0 =3
0 8 0 0 0 0 0 =1250
0 8 0 0 0 0 1 =1
0 8 0 0 0 1 0 =9
0 8 1 0 0 0 0 =39
0 8 1 1 0 0 0 =1
0 8 2 0 0 0 0 =4
0 8 2 0 1 0 0 =1
0 9 0 0 0 0 0 =308
0 9 1 0 0 0 0 =7
0 9 2 0 0 0 0 =1
1 0 0 0 0 0 0 =13
1 0 1 0 0 0 0 =12
1 0 2 0 0 0 0 =8
1 0 3 0 0 0 0 =1
1 1 0 0 0 0 0 =350
1 1 1 0 0 0 0 =16
1 1 1 0 0 1 0 =1
1 1 2 0 0 0 0 =12
1 1 3 0 0 0 0 =2
1 2 0 0 0 0 0 =446
1 2 0 0 0 0 1 =3
1 2 0 0 0 1 0 =1
1 2 1 0 0 0 0 =20
1 2 1 0 0 0 1 =1
1 2 1 0 1 0 0 =1
1 2 2 0 0 0 0 =5
1 3 0 0 0 0 0 =272
1 3 0 0 0 0 1 =1
1 3 0 0 0 1 0 =2
1 3 0 0 1 0 0 =1
1 3 1 0 0 0 0 =8
1 3 1 0 0 0 1 =1
1 3 2 0 0 0 0 =4
1 3 2 0 0 0 1 =1
1 3 2 1 0 0 1 =1
1 4 0 0 0 0 0 =126
1 4 0 0 0 1 0 =1
1 4 1 0 0 0 0 =5
1 4 2 0 0 0 0 =1
1 5 0 0 0 0 0 =49
1 5 0 0 0 1 0 =1
1 5 1 0 0 0 0 =2
1 5 2 0 0 0 0 =1
1 6 0 0 0 0 0 =16
1 7 0 0 0 0 0 =9
1 7 1 0 0 0 0 =1
1 8 0 0 0 0 0 =5
1 9 0 0 0 0 0 =1
